[-0.76402804  0.09820229]
[-1.085336   -0.14970637]
[-1.03878051  0.25454868]
[-1.01843776 -0.2268507 ]
[-1.15825653  0.12014859]
[-0.65212714  0.42359771]
[-0.55901127 -0.60283118]
[-1.8063526  -0.22169314]
[ 0.12349249  0.83578275]
[-1.13801997  1.32630831]
[-1.74548245  0.66883019]
[-0.11958099  0.22467884]
[-0.89087146  0.96176639]
[-3.131346   -1.40534236]
[-0.20168372  2.38013187]
[-1.29357574 -4.09977602]
[-1.576776   -4.28919543]
[-6.74895541 -4.63510025]
[-6.94509471  1.13773903]
[-7.03513753  2.06874823]
[ 6.38149423 -2.21535795]
[ -1.30131658  13.98768152]
[-13.58240244   0.59974027]
[ 35.87501992  13.80383772]
[-11.92329103   3.16979402]
[-15.04949317   0.67236845]
[-15.271521   -1.6211005]
[ 33.95782285  -1.73219232]
[ 51.3440728   18.43577969]
[-0.61161679  0.19193276]
[-0.86880249  0.03095308]
[-1.18078155 -0.11233812]
[-1.15408745  0.20633528]
[-1.2952233   0.26469356]
[-0.07507796  0.02298917]
[ 0.46643181 -0.16490285]
[-2.20162245  0.62282087]
[-0.20037139  0.7209259 ]
[ 0.01048431  1.35304365]
[ 1.04799306  0.00398905]
[-1.50848588 -0.69023737]
[-2.65037159  0.91113788]
[-2.62487786 -1.56048021]
[ 2.68216279  0.41765487]
[ 5.66365476 -4.4881262 ]
[-2.20316627 -1.7621419 ]
[ 1.53597929  2.16248283]
[-2.09356068  0.65189596]
[ 0.11035684  1.73232264]
[-1.43474296  1.83316444]
[ 1.09008981  0.72579851]
[ 1.81615811 -0.35199228]
[-1.31466905  4.02433341]
[ 0.18690035  2.45753   ]
[-3.68421042 -2.14671681]
[-4.39997807 -2.51442628]
[-3.7547118   0.29092481]
[ 1.91289768  2.19983312]
[-4.02401094  1.79888711]
[-2.88468726 -2.68696844]
[-2.64731941  0.71193529]
[-2.00857237  3.52201699]
[-5.09238036  2.78398041]
[ 2.60455195  0.77753333]
[ 2.09979875  1.84246698]
[-3.59656146  0.21562042]
[-2.09260851  5.86400509]
[-5.329414    1.99734812]
[-3.55395077  1.33428299]
[ 1.45809276  5.07730333]
[  2.20871346 -11.49912916]
[-4.47395524  2.62746521]
[-2.54709217  7.58733155]
[-1.11392692  8.41675361]
[ -7.23270758  15.05404514]
[-4.85373903  5.55944746]
[-4.34812093  8.41844753]
[-12.22237121   6.5036434 ]
[ -5.48610142  13.09481041]
[  4.74066325 -13.25277043]
[ 14.74188112  17.20604126]
[  0.63432399 -10.14489653]
[ 10.24111355   4.96056638]
[-10.32357144  11.44498811]
[-6.45771301  2.09826426]
[  0.71322277 -16.94082816]
[-7.67900306  7.11600231]
[-10.7004947   16.83899644]
[  5.5307921   17.26815762]
[ 17.02056488  28.28109849]
[-16.39353897  -1.72733862]
[ 17.72682335   4.26983093]
[-20.94159906  -3.19296623]
[ -3.15657312 -11.98859525]
[ 27.25304243   1.54920481]
[ 31.4299875   -4.10084344]
[-14.60015213  -6.0045837 ]
[ 10.24614972 -38.42937524]
[-25.57229677 -12.62006445]
[-35.88607912  14.50983779]
[-33.94523833   7.46225147]
[  6.42343989 -37.67979007]
[ 42.09350613  -6.90608964]
[-0.72149963 -0.07950308]
[-0.95859063 -0.09016968]
[-0.54472295 -0.16016306]
[-1.1756164  -0.10741356]
[-0.99271198 -0.72629124]
[-1.03040498 -0.37705302]
[-0.90486225 -0.40695444]
[-0.87968149  2.03831004]
[-1.25386447  0.00459221]
[-2.00220285  0.47635954]
[-1.95622676  0.23723305]
[-0.30066964  1.14208194]
[ 0.32978862 -1.09791696]
[ 0.10797674 -1.59114642]
[-1.45183504 -0.84231614]
[-1.89719655  1.01501794]
[-0.60333599 -4.98689891]
[-0.95314916 -6.20471501]
[-1.16186698 -3.12079046]
[-2.54858426  3.02480904]
[ 0.6335059   0.95879387]
[-2.61167264 -5.0092111 ]
[ 0.46946197 -1.82746768]
[  5.69515783  22.63628588]
[-6.88540059 -5.48362505]
[-4.89069988 -7.57833521]
[-6.59809182 -5.7496477 ]
[ 12.84213147  11.30126392]
[-0.59655404  0.62238477]
[-0.84394489  0.93067658]
[-1.20869406  0.58744071]
[-0.95201578  0.69417435]
[-0.61642138  1.36344169]
[-0.9059352  -0.34834576]
[-0.44632839  0.23177715]
[-1.10252559  0.09852818]
[-1.86657767  1.46179621]
[-1.22657689 -1.28500897]
[-0.27458162  2.04027531]
[-1.76099293  1.11789602]
[-2.90360359 -0.38840474]
[ 0.92738564  2.10481366]
[-3.11373585  2.00516859]
[ 0.31774157  1.55718797]
[ 3.98570468  1.43106349]
[-9.61084247  4.70298334]
[ 38.69196795 -10.94257879]
[-0.92586457  0.12620609]
[-0.99214501  0.01598607]
[-0.97632554  0.16685156]
[-0.88728917  0.53470894]
[-1.19513439  0.58472255]
[-0.45799498  0.03020235]
[-1.31251297  0.59174119]
[-1.27215577  1.7183135 ]
[-1.76163372  1.60804611]
[-1.54766465  0.74882198]
[-2.11828556 -0.2567677 ]
[ 0.25960165 -0.46361895]
[-1.62595612 -0.46496217]
[-0.59150042  0.12899941]
[-1.26866438  2.1102013 ]
[ 0.92771658  2.64098995]
[-1.74468834  1.48858039]
[ 1.48618276 -0.03950773]
[-2.34541165 -0.86270274]
[-2.27744062  3.82271403]
[-3.61533857 -0.08744955]
[-2.53260473  0.53653131]
[-1.16180996  5.80406636]
[-2.15523957 -0.90528163]
[-2.96854874  3.28043232]
[ 0.04911758 -3.23492424]
[-0.37268662 -2.31407986]
[ 1.70412949  2.38322367]
[ 3.15701476  1.11650559]
[-4.33847698  0.64820672]
[ 4.83681073 -0.09789588]
[-0.38439083  4.19061978]
[-3.09470107  6.57392082]
[-4.624853   -4.59424563]
[-3.23605855 -2.53886748]
[-6.87358953  4.3835386 ]
[ 5.809965  -0.1404001]
[ 0.33938907  2.22942409]
[-4.7016743   4.23741658]
[ 8.18236538  3.4026059 ]
[ 8.64754036  0.13476911]
[-10.77335538  -1.75462907]
[ 5.58427721  2.05824161]
[-0.75843004 -6.74252996]
[-4.82862074  6.41020316]
[-11.45426421   3.56298259]
[-15.93188585   3.53527946]
[-11.25328854  -4.67695101]
[-18.55422914   4.76604351]
[ 18.55211587  -2.55716889]
[ 8.86890728 -2.63240881]
[-8.70523613  9.10602485]
[-10.92815159   5.08406523]
[ 14.73771708  10.07775064]
[-8.91709477  7.88530358]
[ -0.36217636 -16.01960763]
[-12.63180056   7.08374727]
[-13.63953987   5.36376558]
[  5.09285181  26.59354917]
[-12.27966963   9.81655029]
[ 25.42677932 -30.90333547]
[ 34.40215049 -16.08533315]
[ -4.99800479 -20.08452211]
[ -8.44468682 -20.0866525 ]
[  1.22122707  33.73986796]
[-11.52994317 -36.08957742]
[  9.89073466  55.09021012]
[-0.55185423  0.42862147]
[-0.82097237  0.14759728]
[-1.01780808 -0.14918882]
[-1.02925391  0.17391192]
[-1.36278931  0.24886974]
[-0.77435814  0.16600658]
[-0.31539901  0.32335161]
[-1.14387036  0.69292444]
[-1.00981638  0.39186433]
[-0.40845435  0.29990949]
[-0.57832849  0.17826569]
[-0.93814884 -0.39901153]
[-1.76901426  0.57861812]
[-1.90667133 -0.07443464]
[-0.67937121 -0.90572405]
[-2.31329548 -1.01888031]
[-2.68574389  0.53541137]
[-0.23863438  0.32979262]
[-3.76663721  0.96371794]
[-2.45156427 -0.77022085]
[ 0.57443652 -0.37770055]
[ 1.71545164 -2.06281746]
[-4.06142328 -2.2731255 ]
[-1.25731772 -2.20046653]
[-2.445944  -1.5843658]
[-3.2654015  -3.29006677]
[-4.26231564  5.5373058 ]
[ 4.27812258  4.15734411]
[-3.88202871  6.43963501]
[-6.63258628  1.51182807]
[  1.87572811  11.15847128]
[ -0.81344836  14.40257346]
[-8.48317165 -3.46244795]
[ -1.24816753  12.25797986]
[  2.22565702 -12.43921208]
[ -1.5002455  -19.00734047]
[ 10.81796572 -21.97910266]
[ 18.65563206  -4.30895438]
[ 21.42923473   6.73186759]
[-20.18225936 -22.72506667]
[-18.13839019 -67.96031237]
[-1.23880122 -0.29337525]
[-1.17396073 -0.1172319 ]
[-0.6779868  -0.00078557]
[-0.47287813 -0.34515637]
[-1.10293838 -0.48631871]
[ 0.86086171 -0.33888223]
[-0.35472092 -0.19642485]
[-0.85361243  1.14635292]
[-0.71535642 -1.03370662]
[-2.41957188 -0.47403211]
[-0.33117754  0.02885284]
[-0.0166641  -0.20128577]
[-0.52195819 -1.38963143]
[-1.26397201 -1.64645542]
[ 0.49997106 -0.76499585]
[-2.41840788 -1.21484761]
[-0.88752125  1.79641235]
[-1.8340709  0.9085246]
[-1.48869313  2.36170825]
[-2.88244608  4.07718431]
[-3.04382061  0.66149184]
[-0.11350551 -4.82759843]
[ 2.32835975 -2.71678192]
[-2.51127246 -2.66931124]
[ 0.44106523  6.55545477]
[ 16.99917977  -4.22542587]
[ 0.54940259  5.44961877]
[ 0.95681759 -5.52206611]
[ 0.49021123 -3.96844152]
[  4.51020556  10.55050523]
[ 8.19478329  5.06442204]
[ 10.91378207   8.79261027]
[ 10.08062851  13.20620174]
[ -7.60338353  10.76072321]
[  0.0986885  -21.34978988]
[-14.59012258 -26.93063746]
[ 13.66799974 -26.6273633 ]
[-19.92440352   1.87183774]
[-1.080964   -0.40979583]
[-0.84453102 -0.5609367 ]
[-0.97813028 -0.4740244 ]
[-1.11534969 -0.69415817]
[-1.35820335 -0.71861066]
[-0.67941491 -0.81639503]
[ 0.57983792  0.65547086]
[-0.27822215 -1.42270341]
[-1.50093844 -0.39582483]
[-1.62410553  0.19175289]
[ 1.44429851  1.39182323]
[-2.36970369 -0.26970562]
[-0.87594336 -1.26427247]
[-1.39911726 -0.78816701]
[-1.0766077  -1.09861312]
[-1.53820834 -1.34114319]
[ 0.30408248  0.4301279 ]
[-4.22389747  0.37254425]
[ 0.42724622 -0.65842459]
[-1.11978391 -1.76281581]
[-0.52288376 -2.76383531]
[-2.02720883 -3.67111202]
[ 6.29086853 -0.13640322]
[ 2.91411324  2.69521597]
[ 4.05172473 -1.14874523]
[ 6.68819032 -3.55242057]
[ 9.53287022  1.00372853]
[ 0.01780647 -7.04099517]
[ -2.95034987 -14.62979878]
[ 16.26679055   1.64211372]
[-15.61584797 -15.79937712]
[ 16.30342922 -13.07334907]
[ 30.97826631  10.47214791]
[-42.7815683   12.49983212]
[-30.12190061 -23.52993735]
[-0.96978602 -0.37679229]
[-0.82925213 -0.15590034]
[-0.95541518 -0.65056597]
[ 0.23487564  0.09095637]
[-0.2313955   0.19320063]
[-1.15228884 -0.30123324]
[-0.74888231 -0.67346867]
[ 0.25094231 -0.23005855]
[-1.14682573 -0.61388887]
[-0.49239412 -0.36099362]
[-1.11875738 -1.05671964]
[-1.03879168 -0.73811595]
[-0.05857496 -0.70216166]
[-0.39734082 -0.26098933]
[ 0.05371537 -1.02103525]
[-1.52902908  0.83043522]
[-1.27802423 -1.18286351]
[-1.61740201 -0.89336071]
[-0.94876498 -0.80672616]
[-1.8206818   1.05866332]
[ 0.42838755 -1.61836428]
[-1.42125482 -1.51458251]
[-3.40740845  1.05975769]
[ 0.36269613 -3.04148087]
[ 1.08386457 -0.56433577]
[-0.22784816 -1.72982361]
[ 1.66624252  0.11340406]
[ 0.61653376  2.21475087]
[ 5.44253153  2.51236791]
[-1.7316956   6.56732901]
[ 1.65024497  4.79300244]
[ 1.52045417  5.73550209]
[-3.94531607 -5.31765345]
[-1.12998269  2.65933893]
[ 5.52887715  5.72630224]
[-3.81880468 -3.6554342 ]
[-5.33692125  3.52645483]
[ 3.94756571 -2.63744713]
[-6.31563337  7.34359371]
[-6.430812   -0.51842742]
[-1.17272205 -5.5678712 ]
[-8.39465785 -0.98264877]
[ 0.40857401 -8.21097576]
[-0.66180054  6.40783975]
[  2.63922242  14.67782289]
[  5.7354146  -17.88797948]
[-16.29279818  -7.64454588]
[ -4.07580008  30.40994439]
[-19.04952817  -3.8814965 ]
[ 14.04413127  45.60688173]
[-0.93604425 -0.55370885]
[-1.75491805 -1.43764075]
[-0.77017471 -1.24871077]
[-1.20661444 -1.33559024]
[ 0.02925814 -1.34814404]
[-0.71104892 -0.85830334]
[-0.70283863 -0.45429451]
[-0.81876062 -0.72945465]
[-1.4753134  -1.32833649]
[-1.07516442 -0.56776619]
[-1.36183638 -0.27330746]
[-0.76695789 -0.90843819]
[-2.61595721 -1.32268174]
[ -2.62308156  10.84413131]
[-0.31888039 -0.50982095]
[-3.39776431  1.32397846]
[-1.95031091 -1.86178244]
[-2.0368799  -1.25980254]
[-1.32570666 -1.29681766]
[-1.1498174   0.80912449]
[-3.72831122 -2.94985557]
[ 0.35454366 -2.37501419]
[ 1.1429251   3.54402695]
[-4.92705671  9.45262876]
[-0.75452718 -2.66474869]
[ 1.58614923 -2.29927266]
[ 0.92755721  2.70876406]
[-2.84262425 -1.4977535 ]
[ 5.24308665 -1.51183   ]
[  1.65099113  12.53311788]
[ 2.04462239  2.02183443]
[-2.38875825  1.24144744]
[ 1.21352081 -1.99652325]
[ 4.56108536 -1.35516267]
[-3.5742398  -4.30132482]
[ 2.54325992  2.03485895]
[-1.59355309 -3.12263882]
[-2.39425483  5.40307539]
[ 10.87621061  -1.78132118]
[  0.73205916 -11.42774255]
[ 2.108769   -6.51317077]
[  8.07628101 -15.49368868]
[ 2.34454435 -9.68866429]
[-11.42357416  14.00030296]
[ -4.67842876 -11.88417341]
[ 14.55874699 -11.91067787]
[-35.42067919   2.49618855]
[-27.91139016  40.90704393]
[-0.60896655 -0.31363384]
[-0.8283637  -0.51343384]
[-0.63453811 -0.07924375]
[-0.72766994 -0.22703628]
[-0.49912383 -0.95661448]
[-0.99468279 -0.34719465]
[-1.21822235 -0.34037369]
[-0.95435194 -0.38018744]
[-0.00808684 -0.35401663]
[ 0.45139977  0.24963717]
[-0.06762355 -1.61897954]
[-1.20633659 -0.20889003]
[-0.03629976  0.11146922]
[ 0.46132571 -0.7665844 ]
[-0.68248389 -0.07022801]
[-2.52330043  1.72256599]
[ 0.75563938 -0.38677493]
[-1.09389184  0.94306767]
[-1.10056413 -0.85327488]
[-0.11412585  0.1747179 ]
[-1.30288971  1.37669995]
[-1.50642213  0.25974499]
[ 0.14331008 -1.21085167]
[-2.35926    -2.53226401]
[-2.95563391  2.02095499]
[-0.17523976 -1.72073578]
[-0.91359174 -1.52001571]
[-4.15970834  0.6858642 ]
[-1.85257715 -1.99450412]
[-1.91539331  3.05526409]
[ 5.29077236 -2.00760869]
[-2.58993766 -2.29038417]
[ 3.99559212 -3.47930756]
[ 3.25248785 -6.63318709]
[ 7.03252171  8.12492549]
[ 3.35375426 -5.74437389]
[-6.11332338 -3.76705443]
[-5.24427427 -1.13765099]
[-1.12349335  4.67521706]
[ 1.45496565 -6.65140721]
[-10.10501008   7.88462724]
[-7.89026414 -1.93200854]
[-5.77439187 -4.1166772 ]
[ 1.22819553 -4.15771183]
[-0.31154944 -8.08706282]
[  4.86587521 -11.00745244]
[-3.69053781 -8.89437679]
[ -2.64707439 -10.9565328 ]
[  2.28554697  10.12921457]
[ 8.93334048  6.70976951]
[ 11.95319952   3.72510775]
[-10.16104832  -2.69269852]
[ 17.7564886   11.85377931]
[ 26.23454632   0.73116003]
[ -9.36862123 -13.13682378]
[ -6.90387559 -17.98387001]
[-7.87973777 -9.14844135]
[-14.3818122   29.36641918]
[  2.02759647 -20.30794034]
[ 21.46655425 -10.73688756]
[-21.97590632   3.74603673]
[ -3.46976696 -26.9663945 ]
[ 16.33644589 -31.22109563]
[-0.34650722 -0.52742677]
[-0.51822909 -0.49059873]
[-0.45976146 -0.32343762]
[-0.56808972 -0.43603247]
[-0.56375204 -0.23971282]
[-0.82202253 -0.46132168]
[-0.45551208 -0.89492731]
[-0.2999297 -0.4773573]
[-0.28934572 -0.983553  ]
[-0.50842753 -0.98411807]
[ 0.15194952 -0.93114793]
[-0.13890335 -1.55021546]
[-0.77107085  0.3821561 ]
[-0.94002834  1.34382872]
[-0.0553613  -0.04136414]
[-0.95162004 -0.55118468]
[ 1.1824626  -1.51702211]
[ 0.03987179 -2.69169246]
[ 2.91243978  3.25909672]
[ 1.47183641  1.32348192]
[ 1.34633269 -0.2532003 ]
[ 0.17646885 -1.3674375 ]
[-2.26346057 -1.15583343]
[-0.06525264 -0.90192046]
[-0.58500822 -3.65572965]
[-2.10293447  5.64207983]
[ 1.33032238  2.59524695]
[ 1.58680809 -0.05689385]
[ 0.3055771  -1.79762289]
[-4.8224928   1.82967029]
[ 4.1481832  -2.33294803]
[ 2.51040067 -3.5053374 ]
[ 5.64046859 -9.19443648]
[ 6.62206355 -9.71454663]
[ 3.08465908 -2.10881068]
[ 11.41128763  -7.08096815]
[-3.45816142 -5.9762745 ]
[ 4.20464946  2.78450186]
[ 0.61809774 -5.48340935]
[ 4.39959968  0.10846609]
[ 3.8145368   2.27795199]
[ 2.890046   -5.40046236]
[ 5.51339823 -5.12243807]
[-2.25449218 -6.42377762]
[ 4.89803633 -4.09542448]
[-5.63548189 -6.87100832]
[  5.4807906  -20.33405695]
[-5.95837677 -0.74262212]
[ 1.30376506 -5.91541413]
[ 5.79194257  5.4910794 ]
[ 11.99373041  -5.44413538]
[-4.94878072 -6.84167551]
[-11.88295145   8.27922635]
[ 3.79843189  9.60297722]
[-10.20893709  -7.5412752 ]
[  8.7960179  -10.90898264]
[ -6.31867192  15.75718492]
[-7.75312618 -0.0172681 ]
[-14.86077839   6.91680739]
[ 14.00793356   6.60896179]
[  3.52562994 -14.48135   ]
[ -2.15518992  12.89367896]
[ 15.19819407   3.38835397]
[ 28.81678451 -20.24864121]
[  3.17075453  14.38763543]
[ 26.68616558  -8.21920388]
[  7.44954315  17.58942204]
[ 23.59020336 -11.29771495]
[ -3.6896129  -33.74229756]
[-11.75042637 -20.04999672]
[-20.51819572 -16.14180735]
[ 19.74540593 -54.70815377]
[-0.50811589 -0.25091539]
[-0.32464814 -0.36270566]
[-0.3023885 -0.3319032]
[-0.34687872 -0.02736559]
[-0.08898625 -0.1609414 ]
[-0.76795756 -0.57945843]
[ 0.12337593 -0.30779534]
[-0.33144855  0.24905242]
[ 0.7723216   0.68506143]
[ 0.71955003  0.55546156]
[ 0.9873701   0.83688853]
[ 0.56650779 -0.61015242]
[ 1.19865155  0.22713254]
[-0.89595654  1.44066999]
[ 2.24694801  0.35173724]
[ 1.07245431  2.3379156 ]
[ 1.05932815 -0.65024898]
[ 2.74493443  1.47873657]
[-1.59582092 -1.9400974 ]
[ 0.15403455 -0.08697117]
[-1.26876836 -2.71341704]
[ 3.37084088 -0.20094986]
[-4.93780677  0.19660449]
[ 2.37071214 -2.25192713]
[-2.69656137 -0.44384308]
[-0.62897548 -3.02996889]
[-7.39580639  0.73389814]
[ 3.35980254  0.11771579]
[-0.83449187  3.28281367]
[-5.83277562 -3.81261283]
[ 6.76595568 -3.88367727]
[ 1.52293273  4.11716321]
[ 3.3007354  -6.54025116]
[ 6.52429765  2.82956116]
[ 8.91597648 -0.38811045]
[ -1.47951253 -11.76711285]
[ -0.50592089 -11.68226126]
[-1.00988194 -7.79490455]
[  7.95176515 -15.9571894 ]
[ -5.83401035 -11.46913938]
[ 11.08478293   2.99593594]
[ 13.71079364   6.11082047]
[ 21.79653759  11.00118319]
[ -2.53064745 -27.13498236]
[-22.78502714  15.90932599]
[ 11.28164058  17.22787852]
[ 29.37560357 -18.67319387]
[ 29.37560357 -18.67319387]
[ 29.37560357 -18.67319387]
[-0.84612129 -0.11082633]
[-0.83756544 -0.42202914]
[-0.31282646 -0.17784555]
[-0.58263426 -0.57271427]
[-1.30884642 -0.26157045]
[ 0.00798219 -0.05117216]
[-1.1711834 -0.7244954]
[-1.77601209 -0.37226743]
[-1.32783304  0.20677376]
[-0.08739391 -0.62279154]
[-1.95069723 -0.77937591]
[-0.91252208 -1.18122625]
[-0.18442525  0.29024266]
[-0.7829974  -0.81634006]
[-1.76242237 -0.12665933]
[-0.66468917 -1.54594021]
[-1.39515977  0.72454871]
[ 0.11804084  0.11585173]
[ 0.1607398   0.71861582]
[-0.83087254 -0.32020408]
[ 0.98168995 -1.10165475]
[-0.06942168  0.59322135]
[ 0.25187652 -1.98687813]
[-1.91883791 -0.79532024]
[ 0.61929783  0.18809474]
[ 1.15228391  0.4374284 ]
[-2.96226818 -1.15890206]
[-5.40626598  0.48485828]
[ 3.180511    0.34238436]
[ 3.07249364 -1.07483654]
[-0.02946772 -2.25833196]
[ 4.08243968 -1.60286051]
[-3.94959689 -1.22512924]
[ 9.38004989  4.20272294]
[  2.79371585 -11.14689086]
[ 5.11864363  4.1926535 ]
[-6.44312645 -5.27294349]
[-11.97119686 -11.54040607]
[ 2.69452762 -8.106876  ]
[-9.33473682 -2.99518638]
[ 12.93087164  -2.83501841]
[-4.53911609 -9.7684547 ]
[ 5.55550497 -7.42478519]
[-10.61679939  -9.04206857]
[ 17.24427749  21.16578439]
[ 32.46375874  23.48062631]
[ 27.08058663 -24.14746007]
[-23.16341414  18.99020981]
[-0.89832497  0.01058695]
[-0.93477414  0.13219217]
[-0.94297871  0.15370804]
[-0.88599434  0.47479623]
[-1.07942982  0.30897759]
[-1.61677583  0.66945501]
[-1.55089834  0.27783709]
[-0.33035059  1.22174615]
[-1.5497031  1.5142312]
[ 1.65485784  0.69060962]
[-2.95624085  2.07922133]
[-0.05735776  4.2398949 ]
[-4.39996067 -0.47534341]
[-1.56698239  2.44041045]
[-3.51849174  0.91407412]
[-1.60238651 -1.30943594]
[ 2.64029005  0.20657353]
[ 0.56520419 -0.97982411]
[-1.61659948 -0.35157145]
[-2.74892115  2.39786804]
[-1.58770182  3.59257227]
[-1.6130979   3.80190248]
[-1.43703583  2.67426392]
[ 0.63571937  1.63095852]
[ 2.62523073  3.54766243]
[-1.47064526 -2.520439  ]
[-3.84731832 -0.28328732]
[ 4.68260723  0.74682823]
[-7.42577985 -0.01152936]
[ 8.14572523 -1.47331501]
[-2.76724828  1.07311456]
[ 3.58951876  2.00690196]
[ 3.81527537  5.4680661 ]
[ 5.2130853  -0.89044227]
[-3.11382714  5.50351851]
[-4.77393442 -3.42883196]
[ 5.13281049 -3.28470468]
[ 18.96762089  -4.52493547]
[-0.66279281 -7.48809515]
[-6.45298864 -7.21120055]
[-10.48671843   1.16871969]
[ 15.42084601   2.35107035]
[ 29.0649483   -5.76132471]
[ 12.50473148 -22.49311553]
[ 21.39036603  14.46387698]
[-10.80136766  10.64609244]
[ 27.8449026   21.95037242]
[-27.77400209  -3.24585411]
[-29.17233538  20.54719985]
[-29.17233538  20.54719985]
[-29.17233538  20.54719985]
[-0.88160923 -0.38927632]
[-0.83556819 -0.52549581]
[-0.50065543 -0.19021914]
[-1.15164879 -0.85991173]
[-1.94318767 -0.47378216]
[-1.28631167 -0.68982357]
[-0.80104437 -0.48186233]
[-0.65439221 -0.06640172]
[-0.65666012  0.66733092]
[-1.40081039 -0.83475074]
[-1.74307827  0.01571691]
[-1.86832154 -1.51831833]
[-0.50622596  1.2431924 ]
[-0.24519187 -1.58481472]
[-0.67749537 -1.01453407]
[-1.37899171 -1.68613458]
[-2.33060019  0.61615265]
[-2.05817833  2.13385452]
[ 2.10960047 -1.07784414]
[-2.7445627   4.49248513]
[ 1.4168948 -1.9789192]
[-0.18706777 -3.67986959]
[-0.28760998 -3.84024874]
[ 3.68709914 -4.03100299]
[-8.90163288 -0.64472587]
[ 11.19351598  -2.76782512]
[-25.79355579  10.05942031]
[ 21.51389853 -37.40148172]
[-0.79869936  0.16336025]
[-0.59053992 -0.07128422]
[-0.72775548  0.04389105]
[-0.61770158 -0.19505113]
[-1.3519615  -0.27356977]
[-1.24720653  0.48289583]
[-0.99623641  0.29701286]
[-0.90808244  0.88512384]
[-0.82581316  0.24531319]
[-0.24907527  0.52307325]
[-0.52372533  0.75517256]
[ 1.17194645  0.88183213]
[-2.06781838  0.32370547]
[-1.75147547  1.89517701]
[-1.84499124  0.20320992]
[ 0.56584816  3.79066637]
[-2.27933693 -3.102948  ]
[ 1.66906574  0.45876861]
[-2.15409573  1.33497638]
[-2.47443506 -4.87769328]
[ 0.94240332  5.43452754]
[-3.0726921  -3.29850235]
[-2.61895048 -2.42738653]
[ 3.17032521  4.71660175]
[-1.61141737 -6.3539855 ]
[-1.40489181 -8.61187009]
[ 4.93575965  8.49574413]
[-6.58593184 -2.03045566]
[ 17.38720803   3.20169587]
[ 16.93387343 -16.25911451]
[ 30.06384149 -15.44201793]
[ 38.23721426  -0.18612647]
[-23.01527709  -1.8889151 ]
[-0.91580848 -0.02088812]
[-0.85708335  0.08162431]
[-0.46876586  0.11222181]
[-0.60578256  0.15032185]
[-1.46151584 -0.67347729]
[-1.36476742  0.35803708]
[-1.09549359  0.51712243]
[-2.37890964 -1.33196806]
[-1.39029614 -0.05628542]
[ 0.11017996 -0.73666647]
[-1.27517067 -0.36566348]
[-0.54221968  0.2856451 ]
[ 0.38586775 -0.6455327 ]
[-0.02128691  1.10168373]
[-2.29553064 -1.66871838]
[ 0.61466477 -5.9200352 ]
[ 2.63416992  5.00524377]
[ 3.14622438 -7.85763218]
[-7.01537891  3.66582406]
[ 9.60832577  1.23788352]
[ 17.53294423 -11.2848164 ]
[-1.08865437 -0.39750952]
[-1.12849133 -0.13697974]
[-1.00201685 -0.44615771]
[-1.0044072  -0.27819153]
[-1.0161426  -0.46965263]
[-1.53287978  0.10318975]
[-0.43701218 -0.17484376]
[-2.31428874 -0.05134013]
[-1.51933343 -2.32090233]
[-2.31404417  2.76865629]
[-1.98785178 -2.22126255]
[-0.45900515  0.40806226]
[ 0.70878809 -2.28035928]
[-2.32378063 -5.94450395]
[-3.45411929 -7.80387793]
[-0.93394032 -1.4519426 ]
[-1.54173755 -0.89918675]
[-3.72672903  2.36551654]
[-1.24208058  1.14400116]
[-1.395933   -1.88879864]
[ 1.70116485 -2.86326776]
[-3.33451428 -1.02235082]
[-0.96143395  2.00311358]
[-1.90029902 -3.18401344]
[-0.91799884  6.07149486]
[-0.89868633 -4.13463202]
[-0.30285937 -4.96624675]
[ 4.03531469  3.35149891]
[-1.11923223 -3.36418736]
[-7.9702015  -1.64531431]
[ 1.52119954 -4.74685672]
[ 5.14896243 -1.79645854]
[-7.94063359  1.87492947]
[ 2.10205452  9.46749941]
[ 8.071924   -3.89367696]
[ -3.75935308 -17.52051967]
[ 1.1656779  -9.40427411]
[-15.64235014   8.07077101]
[  5.09038296  18.62593178]
[ -9.02717383 -24.42399953]
[ 16.45894786  -8.44912629]
[-14.85101867  -5.76613046]
[ 13.58770061 -14.52172643]
[-10.41387106 -14.65159289]
[-13.17529015 -21.42685793]
[-0.96606016  0.05584007]
[-1.02412252  0.06259836]
[-1.16058183  0.37019468]
[-0.5090509  -0.07993643]
[-1.38182805  0.34041918]
[-0.61601638  0.60492688]
[-0.11661727 -0.48127946]
[-1.64099324 -0.3057111 ]
[-0.13354004  0.57129412]
[ 1.85441457 -0.66903237]
[-0.17597206  0.33511101]
[-1.01113998 -2.70264223]
[-2.34790383 -2.09786903]
[ 2.6500519   6.31724778]
[-0.22949284  5.01339712]
[-7.54611962  3.8874857 ]
[-0.49029288 -2.65570177]
[-3.36090238  5.10144895]
[ 3.21992047  7.92339063]
[-2.92960502 -5.5636155 ]
[-3.94637601  6.97755028]
[ 7.95393806 -0.23534439]
[-8.4339095  4.669593 ]
[  5.77613848 -13.63202842]
[-0.80599407 -0.23804349]
[-1.03538267 -0.22615072]
[-0.75508899 -0.25833892]
[-0.98465381  0.04382804]
[-0.61158641 -0.03367008]
[-0.76457757 -0.27270101]
[-1.01041824 -0.46976974]
[-0.5472981  -0.53559783]
[-1.34798639  0.20686705]
[-0.46181531 -0.30959578]
[-0.63445717 -0.38775916]
[-2.02348817 -0.20609678]
[-1.33555999 -0.64041093]
[-1.75285412 -0.21511923]
[-0.72739397  1.95359016]
[-0.62243561 -1.66966112]
[-5.18716179 -0.2611529 ]
[-0.54776091 -2.04440859]
[ 4.79810898  1.69766273]
[ 11.36768627  -4.93377221]
[ 4.64856926 -2.94696511]
[ -9.71817771  10.70395078]
[  1.77573137  15.5975586 ]
[ -7.17436468 -12.62252048]
[-1.08953929 -0.13173973]
[-1.14463699  0.47777988]
[-1.28387879  0.14939571]
[-1.19292512  0.05096645]
[-0.3430481  -0.87474222]
[-1.22125258  0.46687251]
[-1.46378064  0.33914744]
[-1.92096437  1.40011565]
[-0.51742904  1.08454766]
[ 0.45529522  1.22147741]
[ 3.4676985   4.47368742]
[-1.44859071  0.73157075]
[-0.51709953 -1.01841702]
[-3.04637298  1.47985954]
[ 0.62963081  1.48806534]
[-2.00587871  2.63345174]
[ 0.41597994 -0.53703492]
[ 2.24634246  1.69877483]
[-4.2579038  -5.09322493]
[  0.24022366  10.65934744]
[-7.71980056 -9.58186965]
[-10.88233867  -8.45317256]
[-18.45617155  -0.59502062]
[-0.44167536  0.13926483]
[-0.38520654  0.34754646]
[-1.28340509 -0.90642166]
[-1.17636682 -0.68855267]
[-0.34134935 -0.04359567]
[-0.30612616 -0.78337081]
[-0.43526228  0.91267728]
[-0.89929317 -0.94086994]
[-0.06828443  0.29556046]
[-1.5425835   0.31880277]
[ 0.21204532  0.50250997]
[ 0.19338575 -0.74911014]
[-1.86340806 -1.58045799]
[ 2.51985994 -0.49731844]
[ 1.2404012   0.77651725]
[-2.24916243 -1.82038949]
[ 1.56147924 -0.1372531 ]
[ 0.05838295 -6.6754606 ]
[-3.67473267  2.42321449]
[ -0.13052424 -13.1182849 ]
[  3.17339002 -14.4348902 ]
[ 21.92395503  -1.18129976]
[ 30.24351487   4.35309379]
[ 29.66996758   6.16099773]
[ 19.83916748 -23.12373094]
[-0.76347372 -0.04316191]
[-0.38179725  0.27819622]
[-1.09780067 -0.21503218]
[-0.86298511 -0.25221839]
[-0.71479435  0.27128414]
[-1.09045472  0.34682803]
[-0.98967869 -0.24386607]
[-0.86547626 -0.78594854]
[-0.89250882  0.64169708]
[-1.33217578 -0.63328296]
[-1.48969677 -0.46177362]
[-1.62220567 -0.68614085]
[-0.06276378 -1.64965235]
[-3.61724528  0.53334017]
[-0.97634449 -1.67786148]
[-3.29333471  0.93020005]
[-4.6728104   2.47257577]
[-3.22272009 -0.7666344 ]
[-3.82521969  1.20071515]
[ 3.18264861 -1.31856478]
[-1.57852779 -4.98343386]
[-11.93540961  -5.39646604]
[-18.2171826   15.38986015]
[ 9.84849732 -0.06451321]
[ 29.75645598  14.16338825]
[ 31.39150399  -0.16396186]
[-1.02068727  0.06187562]
[-1.2801788  -0.02773325]
[ 0.17619868  0.11121606]
[-1.32756458 -0.24278927]
[-0.30616983 -0.01493639]
[-0.9927289  -0.04754009]
[-1.33196346  0.6779106 ]
[-1.19641215 -0.33225047]
[-2.02486596  0.06014922]
[-2.16255705 -0.09049372]
[-3.22006547  1.36339922]
[-0.66359395  2.50399438]
[-3.40147752 -0.38687067]
[-0.57929344  2.2079948 ]
[-2.85606312 -2.61781352]
[-3.29760287 -4.53639605]
[-3.35627635 -2.1689836 ]
[ 2.75297782 -2.41504213]
[-4.71612816 -1.01990199]
[ 4.67692705  1.27921274]
[ -4.19235303  13.15990731]
[ -2.31910611  21.03905985]
[-11.15768093  -9.50378976]
[-9.73726103 -5.13468782]
[-0.83793294  5.79319476]
[-19.20079002 -11.68963216]
[ 36.36077864  27.09750052]
[-22.19575821 -19.55210924]
[-0.59989905  0.16470627]
[-0.92696584  0.08114596]
[-0.09189597  0.41881105]
[-0.52437824  1.06659398]
[-0.48659401  0.30969451]
[-1.3648148  -0.08305083]
[-2.2386907  -0.14731637]
[-1.22622627  0.25972283]
[-0.14307085 -0.18387585]
[-0.87188763  0.35552625]
[-1.77213059 -0.63531662]
[-0.63557616  0.66679819]
[-0.41348404  0.68390824]
[ 0.4795242  -1.27313201]
[-1.66913554  1.00274383]
[-1.52642844  1.64124775]
[ 0.61594072 -0.45434843]
[-4.68540918 -1.55768069]
[ 1.16865004  1.34600093]
[ 0.44172171 -1.18534052]
[-0.81268568 -2.43595648]
[ 3.80518991  3.59533564]
[ 2.55986605  1.65513054]
[ 4.39607727 -0.91849252]
[ 0.64691472 -4.68467841]
[-4.90906492 -2.49082411]
[ 3.27050955  4.33686917]
[ 3.21842862 -4.01040075]
[-2.11276824  3.9172934 ]
[ 8.68378726 -1.22171542]
[-6.05514592 -4.73447998]
[ -7.2871559  -10.91432462]
[-7.51278254  9.11008995]
[  7.58109163 -10.87837772]
[ 4.855687    6.77665342]
[ 8.43560859  3.16243517]
[ 10.07900585   6.22818487]
[-12.21085282   2.06793672]
[-16.72972519 -11.62891763]
[-24.03419986  -7.67585763]
[-14.22738779   4.24249469]
[  0.7105638   13.45110745]
[ -9.47034629  17.82918117]
[-12.33979647  -1.62534948]
[ 16.53450565   6.21866902]
[ -8.90189394 -12.39222889]
[-20.36220644   6.58868857]
[ -2.7267112   27.21402791]
[ 26.11891705  -1.60811343]
[ 21.04985062  27.62581599]
[ 52.41091393  -7.59163576]
[ 42.12222805   9.81588516]
[ 44.08003416 -13.42680811]
[ -7.54534761 -40.37602963]
[-0.79963704 -0.31585462]
[-0.51951042 -0.58979222]
[-0.59206269  0.09995758]
[-1.35918305 -0.03583152]
[-0.42954008 -0.44542918]
[-0.78149951 -0.517002  ]
[-0.77342232  0.58293365]
[-0.60774414  1.01840177]
[-0.04445622  0.92989883]
[-0.76753594 -0.97709769]
[-0.08939957 -1.01414328]
[ 0.14548869 -0.41306262]
[-0.34146097 -1.43361119]
[-0.37520645 -1.03437699]
[ 0.41378984  0.85875856]
[ 0.60882536 -0.65039398]
[-1.53953558  2.91999561]
[-0.64551016 -2.0666022 ]
[ 3.43944569 -0.78785433]
[-0.24650751  1.5898267 ]
[ 0.90803914  0.42649089]
[ 1.0422987  -1.04259805]
[ 1.29096748 -2.82949234]
[-2.76881858 -0.73894526]
[-0.30418513  3.40799364]
[ 3.52011346  0.77497611]
[ 2.26671507  2.21871186]
[ 2.27976605 -5.05585629]
[-4.81203019  3.4092561 ]
[ 1.8520587   5.05283779]
[-3.37591034 -5.05043658]
[-4.97528359  4.39959247]
[ 13.5096121    1.94407778]
[ 10.64519219  -0.45833169]
[ 12.71848746 -20.41017448]
[ 28.19785356  25.45328021]
[-0.63215333 -0.27083666]
[-0.25593991 -0.46747469]
[-0.31782176 -0.09890815]
[-0.45562764 -0.66985406]
[-0.39781135 -0.43042915]
[-0.24376019 -0.75926483]
[-0.13319895  0.03417022]
[-0.11516262 -0.64154257]
[-0.41017851 -1.00334312]
[-0.15424231 -0.53191566]
[ 0.41740022 -0.05779568]
[-1.88103113  0.26301755]
[-1.70146794  0.3519274 ]
[ 1.87892122 -0.22391841]
[ 0.25086662 -1.02761714]
[ 0.64951525  0.33611832]
[ 0.44029331 -0.2164144 ]
[-0.89459609 -1.41180092]
[-0.41584539  1.21328033]
[-0.17213981 -0.72858386]
[ 1.94745393 -1.14568211]
[ 1.79547145 -1.55939582]
[ 1.03564659 -3.00314662]
[ 0.55203206 -1.73883555]
[ 1.561125    1.07829501]
[-2.45457338  2.37390612]
[ 5.37653776  1.51986631]
[ 0.11968393 -2.32108563]
[ 2.88819927  4.55876527]
[-3.25559237  2.73961682]
[ 4.25348333 -1.34488552]
[ 7.31347678  1.65462837]
[ 4.34235859 -1.67174494]
[ 1.46082976 -4.27322538]
[-4.06184787  6.04106189]
[ 2.9594871  -2.84908513]
[ 6.68383935 -0.18328899]
[-6.3103252  -2.24422546]
[ 4.25478604 -6.8324971 ]
[ 5.52643254  1.08934852]
[ 0.39299184 -3.38323114]
[ 5.63077468  0.5262853 ]
[ 4.75714395 -7.18437722]
[-6.08647038  5.73053581]
[ 6.53248807  1.60869666]
[ 6.81544903 -6.65932106]
[-9.27757026 -3.82406768]
[ -2.46722227  18.67154068]
[ 19.65209742   5.95969344]
[ 12.62978527  -3.50897571]
[ 9.07377306 -9.60041449]
[-11.19544219   1.64539072]
[-14.27797354   7.48132482]
[ 15.86374594   1.79969508]
[-10.05257763  24.70219808]
[ 24.17922232  -6.60556327]
[ 31.57905258 -10.37124703]
[-27.91139319  40.90704191]
[-27.91138887  40.9070448 ]
[-0.87888239  0.28833768]
[-0.69776395  0.23906743]
[-0.8026676  -0.25617305]
[-0.40932229  0.15975467]
[-0.38648386  0.67106252]
[-1.16204093 -0.56834411]
[-0.68551076 -0.11360469]
[-0.58181378 -0.54318169]
[-0.15991847 -0.05298918]
[ 0.14420797  0.33171947]
[-0.95640325  0.76554935]
[-2.19079223  0.31182379]
[ 2.28152278 -0.50504946]
[ 3.34946277  3.62081119]
[ 0.21040488  1.74978344]
[-1.51536187 -1.94162229]
[-2.91508665  2.5965374 ]
[-2.50930851  2.19628494]
[-1.1746718  -1.66838809]
[-2.12101161  3.73922346]
[-4.3220696  -1.14682735]
[ 2.22588035 -2.41489729]
[-7.07830327  0.35351847]
[-4.0059674   2.17042802]
[-8.25945631 -4.08759674]
[-7.92267932 -2.78342591]
[-5.66103539  4.55131181]
[ 5.18087427  4.80087937]
[ -3.71508466  11.36737834]
[  6.99369521  10.5577551 ]
[ -5.01179509  21.32320998]
[ 10.29477815  -8.82896939]
[ 15.2313931   15.29648535]
[ -9.36651169 -11.28365663]
[ 10.79981354  20.71624254]
[-30.03660946  12.64454597]
[-29.37283088  25.64745542]
[-28.00094823 -15.51284595]
[-1.18073885  0.16060667]
[-1.39516329  0.44523853]
[-0.86690245  0.39624754]
[-1.02731248  0.291569  ]
[-0.70079051  0.74421026]
[-1.09171166  0.24173652]
[-0.91388877  0.26804314]
[-0.70902973  0.13128659]
[-0.89495089 -0.85436303]
[-1.7858432  -0.16706539]
[ 0.2137956   3.00333216]
[ 1.7414374  -0.96760557]
[-1.50258767  0.05315623]
[-1.58126758 -0.00408879]
[ 0.678166    2.14347608]
[ 2.17943646 -0.49637145]
[ 3.61738942 -1.07259709]
[-3.77689301 -1.48485926]
[ 0.04974581  5.14001483]
[ 1.26700945  5.94888639]
[-0.04817626  2.83412936]
[ 4.46397115 -3.48781122]
[ 5.28811719 -2.43245703]
[ 8.48481307  5.7889321 ]
[ 5.67210195  8.6793978 ]
[-0.54642115  9.92214267]
[ 13.5690527   13.29225652]
[ -4.44639258  10.24435302]
[ 8.72384432  7.93075316]
[ 16.31865367  34.91104326]
[ -3.2016893   22.72999689]
[ 20.45548506 -15.91637866]
[ 19.97881198  40.69968469]
[ 15.39617891  34.79268756]
[ 25.46835846  33.81080094]
[ 27.48933726  32.91366868]
[-27.91139514  40.9070406 ]
[  4.97628045  70.1118421 ]
[-0.90503095 -0.13240906]
[ 0.22400678  0.34347684]
[-0.87903349  0.32856525]
[-0.10051361 -0.14647487]
[-1.20933935 -0.14936689]
[-0.35867061  0.46914357]
[-1.13352281  0.03076674]
[-0.53059117  0.0401776 ]
[-0.93296508 -0.30500953]
[-0.48862222 -0.31262191]
[-0.41988254  0.34036754]
[-0.68066597  0.40146527]
[-1.74138568  0.04179119]
[-2.70817412  0.84149245]
[-1.72393323  2.9353813 ]
[-5.23972171 -1.55636372]
[-6.80563677  6.24195989]
[  5.11039438  10.77712378]
[ 31.28293214  17.86760403]
[-1.00753373 -0.11555529]
[-1.79312665  0.54379137]
[-0.22960508  0.94445114]
[-0.50627736  0.12512525]
[-1.78918371 -0.03671565]
[-1.1696861  -0.38143053]
[-2.3164351  -0.45913901]
[-2.00661717 -0.38082981]
[-1.48081302 -0.8836669 ]
[-1.12157551 -0.82819756]
[-3.31788552  1.7412698 ]
[-1.3145739   1.27152294]
[-0.94195125  1.76201848]
[-0.93343927  1.71956362]
[-1.24466538  2.31794632]
[-0.6746133   1.03988937]
[ 0.57848943 -1.51360059]
[-1.58668578 -2.24020035]
[-2.34214823  2.11195002]
[-0.90140429  1.0765534 ]
[ 1.92887415 -1.37843062]
[ 2.73435843 -0.14361094]
[ 1.04640371  2.9885    ]
[-0.56873498  2.70689454]
[ 2.37430836 -2.351521  ]
[ 0.32935517 -1.57286955]
[-2.01936859  2.35942805]
[-3.99244954  1.58057592]
[ 1.46636489  3.10931456]
[ 4.00909359 -1.24727299]
[-4.28867493  4.65227538]
[ 2.13060561  0.713957  ]
[-0.23668145  3.67075233]
[ 7.7688698   0.46918497]
[ 1.58097595  1.10736595]
[ 1.59566451 -1.0404967 ]
[-1.36009816  6.27782352]
[ 2.46370688  4.05699947]
[ 3.66971563 -2.29300357]
[-3.97162105  7.44704496]
[-11.01800385   0.71715598]
[ 3.0096063  -3.37894751]
[-8.93426291  2.67016177]
[ 0.73297795  7.09890439]
[ 1.9553223  -5.86286638]
[ 4.21404066  7.69465226]
[-5.46092906 -0.06674157]
[ 2.22585336  4.43224921]
[ 2.93263743  6.18768203]
[ 0.58334872  8.53379586]
[ 7.77269953 -4.02224886]
[ 6.21740779 -2.40167343]
[-4.90383876 -4.97743265]
[ 14.83335532  -7.59811486]
[ 16.80161687  -0.31669453]
[ 8.34700919  7.6927205 ]
[ -5.90759635  15.42779723]
[ 12.87246444   7.99502255]
[-7.75335285 -6.53451329]
[ 10.66111379   1.63920533]
[-11.0613617   -3.90369199]
[-9.80563395  6.50370397]
[-20.8125094    2.61167183]
[ 20.76688392   3.54833271]
[ 24.75508186  -9.20410363]
[-22.55995166 -21.41204287]
[-17.16175658  19.3729101 ]
[-39.57489731 -12.28531124]
[-0.54077466 -0.0628752 ]
[-0.69353414 -0.38197714]
[-0.88608927 -0.17321588]
[-0.67893519 -0.36977208]
[-0.59919181 -0.28078706]
[-0.3914875 -0.1915865]
[-1.43606597  0.2935117 ]
[-0.62396534 -1.29691013]
[-0.13987388  0.18927036]
[-0.39486723 -1.29662059]
[ 2.49714462 -0.11133652]
[-0.99791816 -1.30926498]
[-0.40450746  2.41239952]
[-3.24770482 -1.3408404 ]
[-0.92267105 -1.74548603]
[ 1.59451812 -3.30598425]
[ 2.41780529 -2.59047382]
[ 2.06133579  0.3367017 ]
[-0.28198441 -3.46266097]
[ 3.7039764   5.80854457]
[ 0.7390438  -3.26996151]
[-3.36015204 -3.24979443]
[ 1.88161857 -4.58725188]
[ 6.93638402 -7.38323972]
[ 11.3448087    0.95719652]
[ 17.45107597 -22.10337629]
[  8.81912561 -22.51429307]
[-0.90622305 -0.0686195 ]
[-1.4492753  -0.17735087]
[-0.7205314   0.77554208]
[-1.39746432 -0.70811773]
[-0.63401931  0.39614114]
[-0.70788492 -0.12447198]
[-1.44006287 -0.22275201]
[-1.37140587  0.59364035]
[-1.1174627  -0.40037669]
[-0.38723496  0.16843311]
[-1.30725635 -0.10927489]
[-0.15341975  0.12944724]
[-1.50567096  0.42250635]
[-0.95920879  0.29388135]
[-3.39479152 -0.72881237]
[ 0.92487308  1.82285517]
[-3.04084605 -0.10410796]
[-2.29046259 -2.50455137]
[ 2.48370838  0.20450579]
[-2.71317987 -0.58113922]
[ 0.04819016  2.07291468]
[-2.82883464 -0.1726409 ]
[ 4.29677586  0.2782052 ]
[-0.583114    8.03380394]
[  5.75007408  10.65502317]
[-11.56009385  -6.8618713 ]
[ 2.92244613  8.15570778]
[ -9.56628564  13.21714866]
[ -4.60774241 -14.41440064]
[ -8.03138932 -28.55249879]
[  0.73496973  31.33265552]
[ 45.45820471  -6.13218419]
[  0.30041574 -31.77180567]
[-29.0123039  -13.37423857]
[-1.31548754 -0.32619602]
[-1.01883954  0.11264766]
[-0.93263502  0.00781378]
[-1.01916214  0.40404371]
[-1.04993172  0.22610182]
[-1.47774841 -0.18227608]
[-0.85633694  0.28229752]
[-0.57529523  0.74245316]
[-0.58772486  0.21561725]
[-0.80353045 -0.46635176]
[-0.69164303  0.29611611]
[-1.26566671 -0.89930681]
[ 0.14131184  0.020928  ]
[-2.87696186  2.86964534]
[-2.92133397 -4.31564109]
[ 5.83868046  2.34561362]
[-2.35534215 -8.20473089]
[-14.1162521    9.00704725]
[-0.70278522  0.12408121]
[-0.82703854  0.02112905]
[-1.20733349  0.48056897]
[-1.37046998  0.53207179]
[-1.06382388  0.21596044]
[-1.47222125  1.37107705]
[-0.60933692  0.63316791]
[-1.49570735  0.68654658]
[-1.60248664  1.56038659]
[-1.75896247  0.96859849]
[-2.47773227  0.15865947]
[-1.85422505 -2.41330537]
[ 0.44504967  0.68357804]
[-3.27904602  0.41147815]
[ 0.4577474  5.904523 ]
[-4.12491962  0.14751061]
[ 25.96808989  -2.89574192]
[-1.04114246 -0.1070453 ]
[-0.93547223 -0.11788331]
[-1.17584778 -0.17920463]
[-0.54783135 -0.08096446]
[-0.60322971 -0.11523232]
[-0.49321368  1.43974413]
[-0.93153588  0.06088898]
[-0.77616717  0.34692893]
[-1.0420494  -1.88091432]
[-0.70446344  0.70048004]
[-2.57866741  0.34195398]
[-0.23490693 -1.22617789]
[-0.55586711 -0.88589084]
[-2.75670136  0.12272022]
[ 0.58152838 -0.21739537]
[-1.63774944 -0.05780866]
[ 0.60988328 -2.10316359]
[-3.72364789  2.17538777]
[-4.06401202 -0.67708928]
[-0.23969609  1.30692125]
[-0.07208622 -2.62793851]
[ 5.32589705  0.03157162]
[ 1.84636709  0.7671872 ]
[-3.99966929 -3.46829268]
[-5.01659073 -0.77945359]
[-6.40151089 -1.23050356]
[ 7.82063405 -4.80284623]
[-4.04461497  1.46584594]
[-5.50049138 -3.21855999]
[-7.99894789 -1.36608325]
[ 1.300047   -6.50779275]
[ -0.56454976  19.13109057]
[ -6.76603373 -15.40737746]
[  1.73363451 -14.96930429]
[ -1.03645246 -13.96515757]
[ 13.3372696   37.66387236]
[ 42.74783836 -32.11782168]
[-24.70209643 -14.59314335]
[-21.84524975  -6.14257371]
[ -6.16632605  54.06138997]
[-1.07270693  0.22437889]
[-1.32968248 -0.21225717]
[-0.55143447  0.10866228]
[-0.58707098  0.47281678]
[-1.21792646  0.11913885]
[-1.25097644 -0.26590006]
[-0.51627537  0.52308051]
[-0.6671166   0.29645775]
[-1.12201183  0.35652205]
[-0.42517036 -0.16749136]
[ 0.15119343 -0.60108114]
[-2.67349636 -0.85347301]
[-1.85963538 -0.53090598]
[-2.76474374  1.30751267]
[ 0.41339525  0.0134576 ]
[-3.29862935 -2.80725993]
[-2.67153103 -1.58355707]
[-2.03551399 -1.81960267]
[-3.48073491  0.20474357]
[ 1.61098368  2.65917151]
[ 2.12796316  1.22152112]
[-1.49751702 -0.49974217]
[-0.047412    4.70975047]
[-2.52763237 -1.86154877]
[-1.45239758 -2.36549365]
[-3.36669018 -1.37412715]
[ 0.68237224  0.73863928]
[-4.24245888 -0.35556842]
[ 0.24502448  8.19682698]
[ 5.0642582  -4.03713028]
[ 4.74077564  2.5863169 ]
[ 2.55083631 -1.33613351]
[ 5.36883903  3.107132  ]
[ -6.57516071 -13.0524771 ]
[-18.1874757   -4.17076768]
