[-0.68321692  0.35580496]
[-0.8053459   0.74282178]
[-0.9980419   0.38441168]
[-0.70637034  0.76793076]
[-1.0193404   0.56297336]
[-0.77723218  0.02479874]
[-0.11450817  0.81411726]
[-1.35604697  1.21375211]
[-0.37603253 -0.7565598 ]
[-1.69168502 -0.43861712]
[-1.81474838  0.44803025]
[-0.22648954 -0.11611495]
[-1.28059702 -0.28056695]
[-1.76752149  2.94213914]
[-1.52506923 -1.8384417 ]
[ 1.27999692  4.10403575]
[ 1.15573834  4.42127684]
[-2.89207323  7.65953432]
[-6.35049647  3.03314774]
[-6.95619461  2.32039562]
[ 6.50341884 -1.82669725]
[ -9.05786178 -10.73796066]
[-11.4911807    7.26595558]
[ 21.56196478 -31.82207825]
[-11.59736818   4.20874261]
[-12.73687267   8.04433953]
[-11.60909295  10.05367004]
[ 28.86244146 -17.97480725]
[ 31.61341026 -44.45991538]
[-0.61165439  0.19181291]
[-0.73080458  0.47085086]
[-0.90503348  0.76666768]
[-1.06514797  0.48984886]
[-1.21432817  0.52256403]
[-0.07475631  0.02401451]
[ 0.47704528 -0.13107016]
[-2.16287357  0.74634117]
[-0.57625826 -0.47729369]
[-0.76424908 -1.11658425]
[ 0.85792765 -0.60188495]
[-0.84392298  1.42819861]
[-2.69589851  0.76601111]
[-1.26319162  2.7801851 ]
[ 1.96299045 -1.87486034]
[ 7.2124058   0.44884807]
[-0.80185673  2.70483113]
[ 0.02554746 -2.65234079]
[-2.0907827   0.66075139]
[-0.89891551 -1.48494824]
[-2.22475387 -0.68516382]
[ 0.48018567 -1.218401  ]
[ 1.69178295 -0.74846462]
[-3.37778522 -2.55228939]
[-1.25032402 -2.12392921]
[-1.79784873  3.86646343]
[-2.1753254   4.57712857]
[-3.2480912  1.905886 ]
[ 0.31359254 -2.89829312]
[-4.33047924  0.82195405]
[-0.83299961  3.85322353]
[-2.57960928  0.92777576]
[-3.66042827 -1.74362598]
[-5.77009314  0.6236264 ]
[ 1.69372491 -2.12592213]
[ 0.67112988 -2.71171976]
[-3.07526571  1.87736178]
[-5.06714323 -3.61795875]
[-5.51533124  1.40469726]
[-3.67926723  0.93481004]
[-1.70332009 -5.00037441]
[ 8.38121071  8.1770223 ]
[-5.17308079  0.3988534 ]
[-6.42454851 -4.7728875 ]
[-5.72195157 -6.27230777]
[-14.53552777  -8.22525176]
[-7.15955224 -1.79082394]
[-8.3775872  -4.42633563]
[-13.74714245   1.64310989]
[-11.98278157  -7.61474321]
[ 11.46114265   8.17019102]
[  2.27228334 -22.54346121]
[ 6.31539769  7.96473757]
[ 5.57257624 -9.92139202]
[-15.01106537  -3.49739855]
[-6.49909661  1.96634522]
[ 10.26197587  13.49785896]
[-10.36766508  -1.45468132]
[-18.40149123  -7.70957251]
[ -5.32377778 -17.33309895]
[ -2.18338527 -32.9355885 ]
[-12.46937683  10.78176518]
[ 12.11148934 -13.63024388]
[-15.36532071  14.58261033]
[  4.25689608  11.64341899]
[ 21.48474658 -16.83846851]
[ 28.14052853 -14.58669548]
[ -8.55419146  13.26820547]
[ 30.36092274  25.6907539 ]
[-13.78152498  24.9655354 ]
[-37.74373422   8.58816595]
[-32.12510561  13.26431271]
[ 26.79503236  27.25900586]
[ 38.49563063 -18.37508517]
[-0.54680425  0.47737571]
[-0.73531886  0.62155671]
[-0.35563092  0.44260812]
[-0.90360675  0.75967522]
[-0.39997526  1.1631835 ]
[-0.63039805  0.8980544 ]
[-0.51027135  0.85088822]
[-1.88633085 -1.17059952]
[-1.03181116  0.71243452]
[-1.91552911  0.7526506 ]
[-1.74120296  0.92266729]
[-0.8991475 -0.7656939]
[ 0.89782182  0.71281004]
[ 0.99748706  1.24435745]
[-0.71055628  1.52066803]
[-2.13701874  0.25053355]
[ 2.3532767   4.43793463]
[ 2.76175868  5.63734606]
[ 0.82891137  3.22524013]
[-3.81967319 -1.02705803]
[-0.02767056 -1.14884714]
[ 0.71755279  5.60340502]
[ 1.42918483  1.23185364]
[ -8.25512405 -21.83321296]
[-2.5193942  8.4339515]
[ 0.31437437  9.01394911]
[-2.13161608  8.48819634]
[  4.08573661 -16.6116123 ]
[-0.84516366 -0.17011144]
[-1.22432067 -0.28185237]
[-1.32765613  0.20822376]
[-1.17793724 -0.0259985 ]
[-1.28476066 -0.76703233]
[-0.54462915  0.80339432]
[-0.49874254  0.06469586]
[-0.96124622  0.54888632]
[-2.36708486 -0.13367723]
[-0.27279658  1.75536917]
[-1.39077965 -1.51784398]
[-2.08398473  0.08829078]
[-2.1614595   1.97733782]
[-0.44105358 -2.25737822]
[-3.70114113  0.13268898]
[-0.62865502 -1.45965302]
[ 2.45409826 -3.45125864]
[-10.57503407   1.62941696]
[ 38.00923557 -13.11893386]
[-0.83205012  0.42525966]
[-0.82349659  0.55358887]
[-0.89668571  0.4207205 ]
[-1.03372261  0.0679211 ]
[-1.31497357  0.20270961]
[-0.39317967  0.23681497]
[-1.41532845  0.26399494]
[-2.02569767 -0.68376203]
[-2.36448305 -0.31366471]
[-1.69806808  0.26937898]
[-1.59205106  1.42071699]
[ 0.47790222  0.23226066]
[-1.06902063  1.3103885 ]
[-0.55919526  0.231979  ]
[-2.24667711 -1.00742286]
[-0.74704433 -2.69766765]
[-2.28233558 -0.22528487]
[ 1.24244464 -0.81647496]
[-1.43237068  2.04781006]
[-4.05287609 -1.8368652 ]
[-2.91756549  2.13685095]
[-2.38525974  1.0062249 ]
[-4.26889496 -4.10042979]
[-1.25195405  1.9741336 ]
[-4.31039674 -0.99699437]
[ 1.88809598  2.62721163]
[ 1.01588994  2.11230409]
[ 0.03748076 -2.92957464]
[ 1.95357349 -2.71972012]
[-3.9313316   1.94606944]
[ 4.02603435 -2.6824185 ]
[-2.70918319 -3.22015169]
[-6.29517557 -3.62827426]
[-1.17191868  6.41271898]
[-1.20600454  3.93236266]
[-8.14579569  0.32811012]
[ 4.8490902  -3.20339348]
[-0.99486586 -2.02379807]
[-6.27959523 -0.79254292]
[ 4.77263189 -7.46664683]
[ 7.02103269 -5.05007098]
[-7.84066956  7.59393245]
[ 3.40798478 -4.87915466]
[ 3.22878503  5.96756849]
[-7.62488409 -2.50348266]
[-11.43697314   3.61810156]
[-15.09643866   6.19844555]
[ -6.5653828   10.26674839]
[-17.95190076   6.6860937 ]
[ 16.68846318  -8.49795932]
[ 8.78333776 -2.90517989]
[-12.34670568  -2.50193598]
[-11.87397126   2.06906331]
[  6.34052502 -16.69009003]
[-11.82332941  -1.3789392 ]
[  8.85307585  13.35597425]
[-14.41456103   1.40081806]
[-14.25927771   3.38821903]
[-11.00988225 -24.73735009]
[-15.68649683  -1.04343804]
[ 38.52252614  10.84215061]
[ 37.42562502  -6.44736322]
[  7.36979593  19.34048055]
[  4.54193184  21.3109643 ]
[-18.26971889 -28.39167937]
[ 11.15033947  36.20866081]
[-23.34893093 -50.8683134 ]
[-0.69779643 -0.03660043]
[-0.75817184  0.34778736]
[-0.75021374  0.70382522]
[-0.94416286  0.4451578 ]
[-1.26074871  0.57414594]
[-0.73042562  0.30605086]
[-0.4435811  -0.08525613]
[-1.33470001  0.08461424]
[-1.05270209  0.25515699]
[-0.50657204 -0.0128616 ]
[-0.57652433  0.18401683]
[-0.54213038  0.86338178]
[-1.78253473  0.53551877]
[-1.52250351  1.15018222]
[-0.0402896   1.13148489]
[-1.31680114  2.15765795]
[-2.51031862  1.09461682]
[-0.38425078 -0.13439074]
[-3.64217728  1.3604605 ]
[-1.57232752  2.03253381]
[ 0.68724638 -0.01809505]
[ 2.58634032  0.71332596]
[-2.03526561  4.18568424]
[ 0.22487773  2.5243476 ]
[-1.10267702  2.69758418]
[-0.80100668  4.56571731]
[-6.66145705 -2.11046915]
[ 1.1368748  -5.85605315]
[-6.86472056 -3.06833141]
[-6.30766413  2.54758671]
[ -4.83406567 -10.23042748]
[ -8.89439838 -11.35717826]
[-4.98535594  7.68758565]
[-8.02623563 -9.34855786]
[ 8.93209092  8.93897634]
[  9.62551866  16.45840572]
[ 21.43392719  11.86153874]
[ 17.77404555  -7.1191994 ]
[ 13.74416784 -17.76592224]
[ -3.58536402  30.18107707]
[ 23.93051535  66.14329665]
[-0.84924887  0.94840596]
[-0.89663955  0.76678852]
[-0.55605158  0.38790896]
[-0.1909921   0.55341545]
[-0.62752214  1.02917196]
[ 0.90017495 -0.21356289]
[-0.17896217  0.36384364]
[-1.35544964 -0.45336021]
[ 0.00327656  1.25708928]
[-1.71524994  1.77114432]
[-0.28831545  0.16548489]
[ 0.10129576  0.17473644]
[ 0.36532357  1.43876842]
[-0.09703379  2.07340906]
[ 0.84734616  0.34233638]
[-1.29114278  2.37855034]
[-1.75459455 -0.96756874]
[-2.0243757   0.30188746]
[-2.5709396  -1.08818319]
[-4.69482506 -1.70016026]
[-2.87624942  1.19566076]
[ 2.66434387  4.02738896]
[ 3.46296585  0.90001702]
[-0.53658168  3.6254368 ]
[-3.38242533 -5.63273687]
[ 16.36669694  -6.24159978]
[-2.66185021 -4.78693444]
[ 3.93955684  3.98605142]
[ 2.66913433  2.9773406 ]
[ -2.32438417 -11.23620723]
[ 3.83359996 -8.83777999]
[  3.93585851 -13.45100934]
[  0.7309643  -16.59784705]
[-12.38744994  -4.48950881]
[ 12.27594479  17.46781174]
[  3.40694405  30.43885088]
[ 26.42834521  14.04895948]
[-17.42339532   9.8443348 ]
[-0.65319494  0.95380929]
[-0.37279646  0.94281781]
[-0.53210052  0.9477906 ]
[-0.51899218  1.20685857]
[-0.7043624   1.36564682]
[-0.09134996  1.05818743]
[ 0.10153531 -0.86922071]
[ 0.58427587  1.32669298]
[-1.00589556  1.18222994]
[-1.44261544  0.77029128]
[ 0.39049329 -1.96740568]
[-1.7910282   1.57494594]
[ 0.0031633   1.53806751]
[-0.69821467  1.44610947]
[-0.25616873  1.51671109]
[-0.49652398  1.97944788]
[ 0.00390697 -0.52674557]
[-3.67982564  2.10688925]
[ 0.72677947  0.29640154]
[ 0.0877824   2.08655933]
[ 1.14950525  2.56726133]
[ 0.43296977  4.17123199]
[ 5.241539   -3.48136491]
[ 0.85244186 -3.87680125]
[ 3.98186786 -1.37142892]
[ 7.51888535 -0.90440299]
[ 7.25137566 -6.26902198]
[ 4.03641244  5.76916846]
[  5.93481481  13.6935587 ]
[ 12.41402031 -10.63941314]
[ -3.79312919  21.88806058]
[ 20.84952481   1.41830023]
[ 19.44569825 -26.29037247]
[-42.2555309   14.17668852]
[-11.28420962  36.51922043]
[-0.58079015  0.86321501]
[-0.59161099  0.60163149]
[-0.41261562  1.07972339]
[ 0.14083493 -0.20881846]
[-0.30028807 -0.02640911]
[-0.77374993  0.90544027]
[-0.23000883  0.98055123]
[ 0.33738548  0.04549748]
[-0.59067773  1.15895152]
[-0.19796489  0.57756235]
[-0.31469517  1.50640015]
[-0.43104382  1.19920996]
[ 0.35299369  0.60980118]
[-0.17706609  0.44118336]
[ 0.62730273  0.80739681]
[-1.72938902  0.19174519]
[-0.37337042  1.70091344]
[-0.81729926  1.65713745]
[-0.31795879  1.20410311]
[-2.09914457  0.17100385]
[ 1.27603114  1.08368047]
[-0.30145897  2.05500558]
[-3.40217533  1.07643938]
[ 2.03499098  2.28931563]
[ 1.211997   -0.15588633]
[ 0.80104969  1.55000771]
[ 1.30289723 -1.04483656]
[-0.75900063 -2.17005837]
[ 3.03224244 -5.17094263]
[-5.17263791 -4.40140852]
[-1.38320722 -4.87677339]
[-2.02809433 -5.57625308]
[-0.2009375   6.61835186]
[-2.44651127 -1.53737669]
[ 1.26732578 -7.85830167]
[-1.04655029  5.18171795]
[-6.39491475  0.15387491]
[ 4.74671513 -0.08998789]
[-9.37859325 -2.4202442 ]
[-4.98236897  4.09879365]
[ 2.21776703  5.24003589]
[-6.329157    5.60157573]
[ 5.02544909  6.50629826]
[-4.20335447 -4.88161874]
[ -6.21762347 -13.55526238]
[ 14.92526575  11.40663109]
[ -9.00679533  15.58114219]
[-20.71554396 -22.63278822]
[-13.41899801  14.06701926]
[-14.52291899 -45.45668386]
[-0.45204023  0.98915719]
[-0.61928296  2.1824383 ]
[ 0.08109077  1.46487951]
[-0.22751927  1.78548443]
[ 0.79407154  1.08986181]
[-0.09337765  1.11065557]
[-0.31740724  0.77435024]
[-0.2553868   1.06641953]
[-0.45221416  1.93301055]
[-0.55820234  1.0801607 ]
[-0.96170038  1.0022114 ]
[-0.11063157  1.18374195]
[-1.39169925  2.57990161]
[-8.34719644 -7.40270574]
[ 0.02946717  0.60061118]
[-3.54518146  0.85405487]
[-0.5373954  2.6421871]
[-0.95230157  2.19752221]
[-0.34741848  1.82168455]
[-1.40595456 -0.00736733]
[-1.37529662  4.55088031]
[ 1.64761543  1.74692787]
[-1.0862106  -3.56181854]
[-9.44350656 -4.9445184 ]
[ 0.90277135  2.61824383]
[ 2.61526979  0.98126861]
[-0.78588752 -2.75320648]
[-1.47774998  2.85307434]
[ 5.16714606 -1.75390684]
[ -5.80372695 -11.23038597]
[ 0.52338623 -2.82743029]
[-2.66983481  0.34545596]
[ 2.13648198  0.9456123 ]
[ 4.51786268 -1.49294418]
[-0.47687738  5.57217851]
[ 0.92523477 -3.12294134]
[ 0.47563363  3.47333518]
[-5.05145667 -3.06732219]
[ 9.94481932 -4.75032959]
[ 7.12837802  8.96188804]
[ 5.45120958  4.14157148]
[ 15.47906685   8.10427006]
[ 7.45857     6.61338321]
[-17.37355042  -4.96651541]
[  2.94809192  12.42698786]
[ 18.75335266   1.46052232]
[-30.49956528  18.18328874]
[-46.27601686 -17.63412054]
[-0.32070081  0.60527467]
[-0.38665962  0.89459212]
[-0.47557324  0.42749068]
[-0.46759837  0.60199733]
[ 0.13672824  1.07029961]
[-0.61813183  0.85314185]
[-0.80551209  0.97522829]
[-0.56618236  0.8571859 ]
[ 0.19557552  0.29520059]
[ 0.22792269 -0.46274369]
[ 0.86925029  1.36750563]
[-0.8708592   0.86051569]
[-0.09346621 -0.07076105]
[ 0.81653293  0.36571439]
[-0.52007752  0.44747694]
[-3.05508233  0.02739778]
[ 0.84116328 -0.11414925]
[-1.4365581  -0.14925414]
[-0.41596899  1.32901814]
[-0.19347434 -0.07822234]
[-1.85579579 -0.38580609]
[-1.38485629  0.64726206]
[ 0.80926583  0.91202432]
[-0.49008889  3.42611758]
[-3.58038617  0.02942391]
[ 0.83904039  1.51249853]
[ 0.11834084  1.76948949]
[-3.80610585  1.81304756]
[-0.38136402  2.69530152]
[-3.31733775 -1.41373281]
[ 5.4894745  -1.37420325]
[-0.81759316  3.35934192]
[ 5.26700414  0.57358944]
[ 6.45854172  3.58679342]
[  1.13144972 -10.68600006]
[ 6.0339749   2.79940101]
[-2.8661636  6.5839599]
[-3.65474478  3.9293133 ]
[-3.59264865 -3.19574209]
[ 4.99351965  4.62848835]
[-12.79799926  -0.69985015]
[-5.37287251  6.09271419]
[-2.38826072  6.67733804]
[ 3.38299202  2.71116155]
[ 4.36358377  6.81592142]
[ 10.28139892   6.25568439]
[ 2.05120209  9.40864378]
[  4.08558802  10.5052646 ]
[-3.90977253 -9.6196877 ]
[  3.49999936 -10.61016416]
[ 7.68356894 -9.88525037]
[-6.80225742  8.01416386]
[  7.80390896 -19.87219103]
[ 21.11601673 -15.58524472]
[ -0.18616806  16.13420417]
[  4.60554608  18.70486632]
[ -1.24222618  12.01004249]
[-28.57879269 -15.88948413]
[ 13.26411574  15.51086142]
[ 23.75290404  -3.44865997]
[-20.17783242   9.47778078]
[ 12.5550994   24.11628484]
[ 31.24256717  16.29534515]
[ 0.0168471   0.63084263]
[-0.14514049  0.69870075]
[-0.19263147  0.52809621]
[-0.21723483  0.68239232]
[-0.32581164  0.51877295]
[-0.41122103  0.84819573]
[ 0.13728979  0.99475508]
[ 0.02647899  0.56314002]
[ 0.32430402  0.97258642]
[ 0.14480162  1.09818916]
[ 0.6565912   0.67750507]
[ 0.77146506  1.35177801]
[-0.85119137  0.12675485]
[-1.53917855 -0.56609036]
[-0.02181419  0.06557444]
[-0.46626684  0.99598217]
[ 1.83709929  0.56977196]
[ 1.57021445  2.18660116]
[ 0.52898117 -4.33868595]
[ 0.45213311 -1.92703981]
[ 1.2497145  -0.56119139]
[ 0.92592436  1.02161179]
[-1.19766876  2.24160527]
[ 0.46161423  0.77758005]
[ 1.60796023  3.334825  ]
[-4.94885583 -3.42990149]
[-0.39045204 -2.89008851]
[ 1.33497012 -0.85968112]
[ 1.27761876  1.30096722]
[-5.00346669  1.25277742]
[ 4.73745553 -0.45451682]
[ 4.06280805  1.44329225]
[ 9.8816055  4.325092 ]
[ 10.98439674   4.19132082]
[ 3.73647461 -0.03100965]
[ 13.41116088  -0.70594564]
[ 0.5751278   6.88069512]
[ 1.86073076 -4.68723892]
[ 3.6394506   4.14779728]
[ 3.54929251 -2.60206934]
[ 1.82986112 -4.04862502]
[ 5.45691588  2.78198287]
[ 7.45139047  1.05532552]
[ 1.81872753  6.56047896]
[ 6.35966622  0.56383254]
[-0.70097543  8.85878349]
[ 16.11345967  13.55984348]
[-4.46652867  4.01296187]
[ 4.44901508  4.11074112]
[ 1.61761189 -7.81548997]
[ 12.95428313  -2.38216872]
[-0.15407708  8.44246497]
[ -1.44827503e+01  -8.18706978e-03]
[ -2.36739182 -10.05190092]
[ -4.07207176  12.02129193]
[ 13.45106494   3.92997265]
[-14.186907    -9.32449255]
[-6.35400227  4.44273777]
[-16.14877912   2.81103033]
[  7.72287176 -13.42601319]
[ 11.16558887   9.87264856]
[-9.13384082 -9.35225923]
[ 10.53945505 -11.4623703 ]
[ 35.21915461   0.16027898]
[ -5.6155808  -13.62068243]
[ 26.59913436  -8.49663447]
[ -3.93234755 -18.69278213]
[ 25.81636559  -4.20134803]
[ 16.24502381  29.80360866]
[  1.80760059  23.16910591]
[ -7.62144414  24.96933898]
[ 47.45642706  33.62663639]
[-0.2737459   0.49618895]
[-0.05929892  0.48315158]
[-0.0586222   0.44515388]
[-0.26909137  0.22059818]
[ 0.01888821  0.18293147]
[-0.29936442  0.91428213]
[ 0.27708039  0.18217039]
[-0.41431527 -0.01510295]
[ 0.24262635 -1.00345516]
[ 0.27333785 -0.86693495]
[ 0.33241771 -1.25091191]
[ 0.81351423  0.17723331]
[ 0.85413115 -0.87109971]
[-1.55831931 -0.67075261]
[ 1.64341253 -1.57216084]
[-0.45512652 -2.53157411]
[ 1.24093057 -0.07135253]
[ 1.40842734 -2.78166484]
[-0.20169216  2.50398534]
[ 0.17611123 -0.01659704]
[ 0.50847479  2.95192455]
[ 2.88161158 -1.76047261]
[-4.16531528  2.65908585]
[ 3.23220549  0.49426666]
[-1.95985036  1.90458039]
[ 1.21443855  2.84630649]
[-6.48977363  3.62207079]
[ 2.69053024 -2.0157324 ]
[-2.56009561 -2.21791631]
[-2.60986357  6.46110673]
[ 7.77192905 -0.67692258]
[-1.10166927 -4.24931545]
[ 6.44505919  3.48295155]
[ 3.7389901 -6.0492007]
[ 7.54003585 -4.77421466]
[  5.50693887  10.50369109]
[ 6.25760843  9.877931  ]
[ 3.62350349  6.97499971]
[ 15.64161293   8.55584054]
[  1.76250941  12.74638754]
[ 7.38726231 -8.79069964]
[  7.76351241 -12.8474069 ]
[ 11.60703367 -21.4800338 ]
[ 13.42223769  23.71824149]
[-27.78960586  -0.04383606]
[ -0.58040001 -20.58490584]
[ 34.77794939  -1.45206435]
[ 34.77794939  -1.45206435]
[ 34.77794939  -1.45206435]
[-0.63120355  0.57426978]
[-0.44642263  0.82482198]
[-0.15518711  0.32466352]
[-0.15110092  0.8028903 ]
[-0.92490968  0.96230979]
[ 0.03578128  0.03744337]
[-0.54749267  1.26365182]
[-1.24513547  1.32001502]
[-1.20801105  0.58873194]
[ 0.28400273  0.56111446]
[-1.15598007  1.75395455]
[-0.07429676  1.49079576]
[-0.31716441 -0.13289173]
[-0.1764032   1.11730835]
[-1.37427152  1.11065432]
[ 0.33745128  1.64859621]
[-1.55902528  0.20219243]
[ 0.03071526 -0.16251719]
[-0.27853405 -0.68166324]
[-0.4990912   0.73741969]
[ 1.43504584  0.34351386]
[-0.39582858 -0.44727025]
[ 1.3416427   1.48698398]
[-1.12072217  1.74884391]
[ 0.40088844 -0.50813177]
[ 0.69595159 -1.0172282 ]
[-1.76950625  2.64328099]
[-4.71448239  2.69006602]
[ 2.41503538 -2.09773244]
[ 3.13588594 -0.87276007]
[ 1.26576539  1.87049982]
[ 4.26646846 -1.01622954]
[-2.54208958  3.2616005 ]
[ 5.29868215 -8.80750723]
[ 8.66019067  7.55374884]
[ 1.80661668 -6.36513882]
[-2.27671062  8.00839562]
[ -3.23426494  16.31042785]
[ 6.84232775  5.11512156]
[-5.95123009  7.79046298]
[ 12.23318043  -5.05905795]
[  1.85394897  10.61080371]
[ 8.80104643  2.92107042]
[ -3.54960142  13.48613225]
[  2.06448835 -27.22303111]
[ 13.23460324 -37.81640808]
[ 36.02105542   4.35219104]
[-29.85998296  -2.35653157]
[-0.74340393  0.5044308 ]
[-0.84278244  0.42543533]
[-0.86180666  0.41246125]
[-0.99843783  0.11635862]
[-1.06249702  0.3629545 ]
[-1.70946123  0.37400052]
[-1.43169708  0.65781652]
[-0.96901399 -0.81412964]
[-2.13694086 -0.3577144 ]
[ 0.96385434 -1.51211141]
[-3.61416592 -0.01805516]
[-2.46889604 -3.44739772]
[-3.34002953  2.90341316]
[-2.68015491 -1.10806437]
[-3.41013988  1.25946879]
[-0.56731334  1.99008054]
[ 2.04918984 -1.67768447]
[ 1.02359965  0.4814092 ]
[-1.12610904  1.21197145]
[-3.62600535 -0.39802491]
[-3.35527328 -2.04193874]
[-3.49568753 -2.1992535 ]
[-2.70706955 -1.37423942]
[-0.40979228 -1.70183287]
[ 0.12840836 -4.41149141]
[ 0.23254312  2.90883721]
[-2.99611548  2.4301033 ]
[ 3.41695809 -3.28769832]
[-6.08859014  4.25104803]
[ 7.52766951 -3.44349945]
[-2.88435303  0.6998182 ]
[ 1.79998644 -3.69761399]
[ 0.00828314 -6.66753361]
[ 4.78758564 -2.2468132 ]
[-5.69946371 -2.73874952]
[-1.95996764  5.54128734]
[ 6.089291   -0.23571905]
[ 18.15349779  -7.12012648]
[ 3.73315004  6.52491027]
[-1.17767864  9.6049752 ]
[-9.27520286  5.03068394]
[ 11.31470412 -10.73813272]
[ 27.14773615 -11.87284733]
[ 23.11204895  11.31997125]
[  9.29576187 -24.09025337]
[-14.94691969  -2.56873885]
[ 10.3174634  -33.92207834]
[-20.94323565  18.52867079]
[-35.68153119  -0.2022501 ]
[-35.68153119  -0.2022501 ]
[-35.68153119  -0.2022501 ]
[-0.50128266  0.82309573]
[-0.38568339  0.90860792]
[-0.30229179  0.44210729]
[-0.45410898  1.36364517]
[-1.32437041  1.49882983]
[-0.66179588  1.30095368]
[-0.38226912  0.8530731 ]
[-0.49920507  0.42829038]
[-0.92017263 -0.1726714 ]
[-0.67299592  1.48531311]
[-1.43971853  0.98274077]
[-0.6662832   2.31343524]
[-1.12562479 -0.73127348]
[ 0.70398507  1.44088922]
[ 0.02340209  1.21972607]
[-0.16877881  2.17167716]
[-2.2649313   0.82548625]
[-2.90823097 -0.57586958]
[ 2.34724877 -0.32028952]
[-4.81886728 -2.11980312]
[ 2.29335858  0.81499602]
[ 1.94838354  3.12733691]
[ 1.95746532  3.31640761]
[ 5.32891601  1.20263847]
[-6.93830923  5.61378699]
[ 10.76875593  -4.1218384 ]
[-26.9175952    6.47630493]
[ 39.0225061  18.4109392]
[-0.74889363  0.32212664]
[-0.44400543  0.39582575]
[-0.62242151  0.37966555]
[-0.39560475  0.51292988]
[-0.95344512  0.9967862 ]
[-1.29955192  0.31603376]
[-0.98737657  0.32525546]
[-1.25094601 -0.2078269 ]
[-0.81796028  0.27034593]
[-0.50322216 -0.28707416]
[-0.86123293 -0.32070492]
[ 0.4582487  -1.39323168]
[-1.8821916   0.91543043]
[-2.5201534  -0.55514781]
[-1.63046549  0.8870565 ]
[-1.70076253 -3.43463863]
[-0.09851392  3.84889051]
[ 1.1079433  -1.32992884]
[-2.53064425  0.13464763]
[ 0.75507655  5.41706378]
[-2.33065008 -4.99902828]
[-0.63800995  4.46256628]
[-0.7631519   3.48836726]
[-0.09186592 -5.68232828]
[ 2.30670655  6.13587016]
[ 3.76592272  7.87120407]
[-0.80141013 -9.79270818]
[-4.24602705  5.42848991]
[ 12.44284446 -12.55951756]
[ 23.1867018    3.67310954]
[ 33.49722531  -4.49737472]
[ 31.49191255 -21.68821435]
[-17.81229267  14.69670744]
[-0.73977616  0.54025247]
[-0.75012862  0.42256532]
[-0.44886984  0.17564464]
[-0.58309754  0.22263519]
[-0.81494268  1.38761257]
[-1.32472844  0.48566987]
[-1.19457412  0.20128212]
[-1.19182324  2.45212303]
[-1.10902289  0.84033305]
[ 0.51121895  0.54173083]
[-0.83781054  1.02851519]
[-0.60822057  0.07525318]
[ 0.68545168  0.30945497]
[-0.64675122 -0.89211716]
[-0.93103385  2.68090618]
[ 3.88603222  4.5081463 ]
[-0.6968206  -5.61299897]
[ 7.07071889  4.65253111]
[-7.85222171  0.99820915]
[ 7.17956187 -6.50431941]
[ 20.83712172  -0.75204594]
[-0.6665252   0.94811725]
[-0.84803777  0.75702581]
[-0.5676243  0.9385612]
[-0.66552814  0.80205776]
[-0.56579866  0.96591472]
[-1.31714915  0.79087715]
[-0.25883495  0.39313414]
[-1.87027265  1.36405587]
[ 0.07860445  2.77286549]
[-3.48084593 -0.95077319]
[-0.3628754   2.95869624]
[-0.60984135 -0.07276031]
[ 1.8843172   1.46689048]
[ 1.48809491  6.20666232]
[ 1.62236758  8.37850668]
[ 0.0627553   1.72523726]
[-0.75186508  1.61870022]
[-4.41012355  0.18705073]
[-1.67296598 -0.22953794]
[-0.0669233   2.34770325]
[ 3.03182851  1.37850645]
[-2.15304833  2.7438239 ]
[-1.93333021 -1.09501304]
[ 0.25890963  3.69892468]
[-4.22152607 -4.45920277]
[ 1.62403688  3.90708628]
[ 2.58811532  4.24935168]
[ 1.39787148 -5.05591386]
[ 1.00293415  3.40067059]
[-5.60224507  5.90305187]
[ 3.96001139  3.02737619]
[ 5.2524667  -1.46651658]
[-7.5887287   2.99670135]
[-3.68241566 -8.97173301]
[ 8.84959645 -1.41468015]
[  6.92194622  16.52839997]
[ 6.32849837  7.05331729]
[-17.44944405   2.31027373]
[ -6.46082804 -18.19601699]
[  6.54129943  25.20382951]
[ 18.33583345  -2.46615316]
[ -8.89630976  13.21577423]
[ 19.44772889   4.15836356]
[ -0.17889071  17.97458992]
[  1.42451331  25.11312949]
[-0.82485031  0.5059766 ]
[-0.87636895  0.53359437]
[-1.16407467  0.35906052]
[-0.37217607  0.35638129]
[-1.32866873  0.50987585]
[-0.85116671 -0.14466494]
[ 0.17918452  0.46165183]
[-1.17232705  1.18826233]
[-0.43593298 -0.39264787]
[ 1.90427676 -0.51008601]
[-0.3358546  -0.17454868]
[ 0.71378494  2.79592384]
[-0.72889279  3.06307398]
[-1.43319747 -6.69898049]
[-3.05200902 -3.98397522]
[-8.41447302  1.11942403]
[ 1.11449069  2.45988811]
[-5.67260524 -2.26759697]
[-1.8828663  -8.34283053]
[ 0.77326403  6.24006937]
[-7.22479334 -3.47310419]
[ 6.66312279 -4.35009337]
[-9.58991988  0.98456337]
[ 12.52770514   7.89003031]
[-0.52560054  0.65577071]
[-0.72067876  0.7770351 ]
[-0.4722243   0.64335262]
[-0.83325098  0.52645687]
[-0.48276575  0.37697328]
[-0.47180906  0.66056106]
[-0.56103314  0.96274111]
[-0.14329735  0.75224073]
[-1.22460645  0.6001669 ]
[-0.20222371  0.51790781]
[-0.29928367  0.68067786]
[-1.54318323  1.32497765]
[-0.73044391  1.28852565]
[-1.31588972  1.17779798]
[-1.71293955 -1.18804656]
[ 0.44280258  1.72601281]
[-4.10851936  3.1772499 ]
[ 0.71815124  1.99095638]
[ 2.96864942 -4.13412978]
[ 12.14890003  -2.44348673]
[ 5.49890367 -0.23634281]
[-14.09087196  -3.23494477]
[ -7.45173849 -13.81696963]
[  1.32113736  14.45870422]
[-0.81905851  0.73047545]
[-1.2124393   0.26164555]
[-1.13915865  0.61072204]
[-1.00828018  0.63956155]
[ 0.21807201  0.91394778]
[-1.2690961   0.31436108]
[-1.39521005  0.5577308 ]
[-2.37649441 -0.0519835 ]
[-1.04420299 -0.59465666]
[-0.32399229 -1.26266773]
[ 0.29097388 -5.65279986]
[-1.60689306  0.22694825]
[ 0.15727499  1.13129559]
[-3.34579377  0.52539193]
[-0.33316967 -1.58106653]
[-3.1506713  -1.01581881]
[ 0.64819453  0.2031986 ]
[ 0.8734914  -2.67748075]
[-0.58570647  6.61268727]
[-5.89141064 -8.88654466]
[ -0.86337464  12.27445034]
[ -4.10393523  13.15443411]
[-14.80918906  11.03051392]
[-0.4420805   0.13797337]
[-0.51470005 -0.06524171]
[-0.53568991  1.47707995]
[-0.57227767  1.23711032]
[-0.25528222  0.23076168]
[ 0.19618691  0.81785924]
[-0.87858758 -0.50051666]
[-0.20072914  1.28595189]
[-0.22487204 -0.20359596]
[-1.44827164  0.61944195]
[-0.11298275 -0.53358634]
[ 0.58662312  0.50441785]
[-0.62675615  2.36163371]
[ 2.35240037 -1.03113154]
[ 0.5745928  -1.34588903]
[-0.8063401   2.77891439]
[ 1.36008085 -0.77925345]
[ 3.86092581  5.4459558 ]
[-4.40040118  0.10999133]
[  7.38599151  10.84221218]
[ 10.8499281   10.03571221]
[ 18.67021958 -11.55327546]
[ 22.33779133 -20.84808614]
[ 20.83434668 -22.00442836]
[ 29.49245417   7.64817926]
[-0.60201509  0.4715219 ]
[-0.472289   -0.01026552]
[-0.77826314  0.80356184]
[-0.56428285  0.69995877]
[-0.74166914  0.18561501]
[-1.09316647  0.33818376]
[-0.6730454  0.7654701]
[-0.26146245  1.13947429]
[-1.0991183 -0.0169147]
[-0.73173758  1.28074187]
[-0.95899849  1.22994033]
[-0.93960557  1.48979257]
[ 0.89075947  1.38990638]
[-3.27372389  1.62838786]
[ 0.15699364  1.93489553]
[-3.23453918  1.11762336]
[-5.24783126  0.63957416]
[-2.20735071  2.47007204]
[-3.82563468  1.19939229]
[ 3.36551945 -0.735625  ]
[ 1.55084749  4.99211729]
[ -6.71429159  11.24696122]
[-23.74354284  -2.22659178]
[ 8.12062313 -5.57248073]
[ 16.33439449 -28.62229543]
[ 25.86020508 -17.79615688]
[-0.87313643  0.5322254 ]
[-1.03494608  0.75399834]
[ 0.08109984 -0.19193176]
[-0.95100154  0.95758571]
[-0.24277652  0.18714333]
[-0.78768989  0.60606548]
[-1.48051339  0.20437604]
[-0.79224996  0.95610273]
[-1.69639311  1.10722649]
[-1.7233649   1.30952492]
[-3.42184099  0.72019672]
[-1.97496101 -1.67626782]
[-2.57099709  2.26046283]
[-1.73669194 -1.48145976]
[-0.84900564  3.78011026]
[-0.1155382   5.60711376]
[-1.51595749  3.69742528]
[ 3.63914491  0.40980447]
[-3.28849355  3.53098783]
[ 3.1081992  -3.72144188]
[-10.95803941  -8.40716103]
[-13.92100402 -15.94446422]
[ -3.72983011  14.17406896]
[-5.05954992  9.776514  ]
[-3.99684271 -4.27650388]
[ -9.08317054  20.56243784]
[ 14.36737895 -43.01115181]
[ -7.05045416  28.72677766]
[-0.58648462  0.20746763]
[-0.80721584  0.46287464]
[-0.31465309 -0.29127478]
[-1.0396519  -0.57595069]
[-0.57629926  0.02373989]
[-1.07281915  0.84774757]
[-1.75339944  1.39965301]
[-1.15485526  0.48723316]
[-0.01240502  0.23264933]
[-0.91873218  0.20619925]
[-1.09169653  1.53371208]
[-0.90256235 -0.18427722]
[-0.73003949 -0.32517977]
[ 1.12080906  0.77110026]
[-1.94281239  0.13034049]
[-2.19038822 -0.47526564]
[ 0.76509462  0.02111143]
[-2.95610133  3.95485692]
[ 0.19041104 -1.77234451]
[ 1.03963404  0.72063255]
[ 0.72434863  2.46366821]
[ 1.06970324 -5.12461155]
[ 1.15576509 -2.82074074]
[ 4.13299716 -1.7571165 ]
[ 3.20687108  3.47572847]
[-2.60667194  4.84854458]
[ 0.20726885 -5.4278639 ]
[ 4.93245728  1.45343117]
[-3.97173435 -2.00855756]
[ 7.82560477 -3.95735514]
[-2.26582005  7.34480444]
[  0.2528402   13.12102111]
[-11.37024639  -3.18639881]
[ 12.43635638   4.59881421]
[ 0.114805   -8.33591912]
[ 5.11768203 -7.41416342]
[  4.71545603 -10.86927413]
[-11.20402481   5.27741574]
[ -7.08956869  19.1011373 ]
[-15.34315228  20.02871017]
[-14.10132407   4.64434969]
[ -7.09999487 -11.44671417]
[-17.95736032  -9.2249862 ]
[-9.20026872  8.38256485]
[ 10.01964878 -14.54882674]
[ -0.2283828   15.25643778]
[-20.47700153   6.22275473]
[-17.78269593 -20.78013461]
[ 22.35729317 -13.59909184]
[  1.49819985 -34.69924088]
[ 47.35587377 -23.70565444]
[ 28.96766093 -32.1171032 ]
[ 43.85081447 -14.15749475]
[ 16.86935625  37.45104616]
[-0.4759371   0.71600797]
[-0.08953318  0.78085194]
[-0.54306817  0.25613807]
[-1.09516808  0.80577251]
[-0.09814414  0.61096609]
[-0.34615476  0.87075222]
[-0.96780506 -0.03670279]
[-1.08055244 -0.48877553]
[-0.56764583 -0.73787966]
[-0.07188792  1.24042873]
[ 0.50589547  0.88348664]
[ 0.3553592   0.25594438]
[ 0.53859913  1.37176807]
[ 0.28285895  1.06334681]
[-0.15087645 -0.94123567]
[ 0.87123491  0.18609242]
[-2.93156391 -1.51739158]
[ 0.65059432  2.06500728]
[ 3.27316147 -1.31792074]
[-1.11044108 -1.16414582]
[ 0.50171982 -0.86873862]
[ 1.45106127  0.26041981]
[ 2.6758408   1.58508674]
[-1.85059847  2.18807717]
[-2.19631546 -2.62357535]
[ 2.44669026 -2.64678929]
[ 0.59322692 -3.11588854]
[ 4.75915222  2.84771596]
[-5.89713382 -0.04974316]
[-1.36597313 -5.20532502]
[ 0.11380452  6.07377385]
[-6.59681167 -0.76937412]
[ 9.97841173 -9.31237654]
[ 8.99950854 -5.70429932]
[ 22.09773253   9.48816961]
[  8.606319   -36.99891475]
[-0.36417845  0.58339042]
[ 0.05694146  0.5299014 ]
[-0.20437614  0.26272398]
[ 0.00863373  0.81007806]
[-0.08066876  0.58053051]
[ 0.23360843  0.76244948]
[-0.12884935  0.0480355 ]
[ 0.27192036  0.59236697]
[ 0.23642697  1.05784976]
[ 0.17722466  0.524706  ]
[ 0.3756202 -0.1909784]
[-1.69420945  0.85855151]
[-1.59760673  0.68300717]
[ 1.67014429 -0.88943941]
[ 0.79288657  0.70018707]
[ 0.34114064 -0.64689152]
[ 0.48501371 -0.07385858]
[ 0.07212074  1.66981514]
[-1.03435357 -0.75834639]
[ 0.27487048  0.69635679]
[ 2.25290565 -0.17198959]
[ 2.36446858  0.25440391]
[ 2.56546096  1.87346298]
[ 1.446333    1.11193944]
[ 0.66547241 -1.77678864]
[-3.37071393 -0.54648728]
[ 3.54498803 -4.3185891 ]
[ 1.4240357   1.83681383]
[-0.23328277 -5.39162452]
[-4.23709355 -0.38912753]
[ 4.2595087  -1.32567838]
[ 5.0578768  -5.53557765]
[ 4.51915984 -1.10815327]
[ 3.6399222   2.67309654]
[-6.78465459 -2.63846527]
[ 4.05657452  0.64811503]
[ 5.59087552 -3.66734429]
[-3.89770087  5.44652917]
[ 7.39508629  3.17787973]
[ 3.91393415 -4.05083402]
[ 2.25506489  2.55252383]
[ 4.32119965 -3.64826443]
[ 8.00842106  3.17976203]
[-8.26911919 -1.22712277]
[ 4.44306728 -5.05177775]
[ 9.39799377  1.57309111]
[-5.43085236  8.43816604]
[-12.69025938 -13.91657049]
[ 12.72653436 -16.11701591]
[ 12.37100738  -4.33388543]
[ 12.9315995   2.6972301]
[-10.12920561   5.04424725]
[-15.99285617   2.01477066]
[ 11.99318608 -10.53854   ]
[-22.36111125 -14.53387803]
[ 23.61969608  -8.3891725 ]
[ 31.84451999  -9.52501306]
[-46.27601819 -17.63411715]
[-46.2760163  -17.63412199]
[-0.88609565  0.26534388]
[-0.70928828  0.20233118]
[-0.51251457  0.66875161]
[-0.42722842  0.10267505]
[-0.70053995 -0.33005826]
[-0.62918159  1.13025868]
[-0.49778537  0.48481001]
[-0.16729638  0.77818092]
[-0.10099587  0.13483918]
[-0.07110947 -0.3546508 ]
[-1.22230774 -0.0820779 ]
[-1.97634333  0.99542538]
[ 2.16118609 -0.8886483 ]
[ 0.68108498 -4.88521216]
[-0.82676835 -1.55642744]
[-0.13477934  2.45927901]
[-3.87587552 -0.46618201]
[-3.31418451 -0.36942897]
[-0.01120714  2.04040365]
[-3.87678756 -1.85768687]
[-2.8925458   3.41008466]
[ 3.20641379  0.71076218]
[-6.01189119  3.75293443]
[-4.52789199  0.50668207]
[-4.44464428  8.07293026]
[-4.9131521   6.81008398]
[-7.24634723 -0.5022078 ]
[ 1.51027948 -6.89992441]
[-9.54240388 -7.20844453]
[ -0.290045   -12.66072033]
[-16.29350355 -14.63964193]
[ 13.49316892   1.36658336]
[  3.76481405 -21.25568101]
[ -1.24296039  14.61189576]
[ -2.96843358 -23.17298168]
[-31.87696479   6.77802085]
[-38.75935213  -4.27408305]
[-14.1226447   28.72720659]
[-1.06090372  0.54260669]
[-1.39948698  0.43145584]
[-0.93790017  0.16992716]
[-1.0097747   0.34747441]
[-1.00030868 -0.21056779]
[-1.03417021  0.42516219]
[-0.90323715  0.30199744]
[-0.65697126  0.29723407]
[-0.24657745  1.2124656 ]
[-1.37041581  1.15719804]
[-1.54000872 -2.58729314]
[ 1.98208781 -0.20048104]
[-1.26370599  0.81464253]
[-1.29558928  0.90657173]
[-0.66770013 -2.14675927]
[ 2.07243548 -0.83745991]
[ 3.58186424 -1.18584118]
[-2.25197496  3.37614227]
[-2.89513003 -4.247405  ]
[-2.35800952 -5.60663475]
[-1.65839042 -2.29877171]
[ 5.65631295  0.31303256]
[ 5.72996728 -1.02396565]
[ 3.65782202 -9.59813137]
[ -0.30191335 -10.36405013]
[-6.11600953 -7.83210819]
[  3.54515353 -18.66106001]
[-9.50120192 -5.86892987]
[  2.63061978 -11.49269964]
[ -6.54652885 -37.97660278]
[-15.61129815 -16.82827808]
[ 25.8815162    1.38025287]
[ -6.84867952 -44.81866633]
[ -7.23610356 -37.35253991]
[  1.59212193 -42.29979539]
[  3.76340677 -42.7177951 ]
[-46.27601904 -17.63411497]
[-35.96309218 -60.39113984]
[-0.66722937  0.6256342 ]
[-0.01232535 -0.40988226]
[-0.90919755  0.23241088]
[ 0.00116317  0.17764155]
[-0.90732336  0.8133735 ]
[-0.56237494 -0.18020744]
[-0.94798399  0.62221131]
[-0.4584654   0.27009389]
[-0.59156916  0.78326278]
[-0.22249865  0.53570373]
[-0.53906197 -0.03954233]
[-0.78801523  0.05926663]
[-1.45322279  0.96037186]
[-2.70356229  0.85619361]
[-3.09170813 -1.42469294]
[-3.41184044  4.2703977 ]
[-9.15154421 -1.23612042]
[ -1.96118534 -11.76504482]
[ 15.47150814 -32.53468231]
[-0.76099179  0.67034971]
[-1.78243353  0.57787795]
[-0.72793064 -0.64406788]
[-0.48703017  0.18647979]
[-1.44761314  1.05211339]
[-0.74222136  0.9812045 ]
[-1.63910083  1.70000843]
[-1.42952829  1.4587641 ]
[-0.71072234  1.5711614 ]
[-0.4475395  1.320436 ]
[-3.71797156  0.46591022]
[-1.80530951 -0.29280147]
[-1.77962571 -0.90824754]
[-1.74838887 -0.87826206]
[-2.34564179 -1.19165081]
[-1.14771317 -0.46821736]
[ 1.33939597  0.91195131]
[-0.02277597  2.74509574]
[-3.12880533 -0.39568727]
[-1.35480852 -0.36876929]
[ 2.37060042  0.0296661 ]
[ 2.32642675 -1.44398015]
[-0.84812117 -3.05070212]
[-2.01299555 -1.89699406]
[ 3.29204505  0.57396043]
[ 1.16875763  1.10290483]
[-3.0052224  -0.78319125]
[-4.1798745  0.9831189]
[-0.57242057 -3.38974892]
[ 4.00315445 -1.26620527]
[-6.17756621 -1.36896845]
[ 1.34101827 -1.80302103]
[-2.2909946  -2.87780898]
[ 6.10879119 -4.82266966]
[ 0.66516109 -1.81198925]
[ 1.90407076 -0.057386  ]
[-4.70226123 -4.3760341 ]
[-0.29510438 -4.73729983]
[ 4.32190702 -0.21400442]
[-7.51368884 -3.84405157]
[-9.45335686  5.70480198]
[ 4.40036891  1.05440494]
[-8.8585469   2.91152272]
[-3.4532365  -6.24554704]
[ 4.95380652  3.69544159]
[-0.93622494 -8.7229178 ]
[-4.44427827  3.17404967]
[-0.70467921 -4.90944839]
[-1.12724004 -6.75404332]
[-4.39566008 -7.33785663]
[ 8.67742907 -1.1382305 ]
[ 6.47515745 -1.5800414 ]
[-1.18203843  6.88659971]
[ 16.51543083  -2.2361404 ]
[ 13.97187841  -9.3370894 ]
[  2.45727225 -11.0820722 ]
[-13.66134555  -9.28893211]
[  5.99915008 -13.91513294]
[-2.63155619  9.79230598]
[ 7.81446994 -7.43507907]
[-6.84953016  9.52241936]
[-11.76348799   0.26262663]
[-18.57495521   9.74435304]
[ 15.01892794 -14.77450291]
[ 25.57664795  -6.58518648]
[ -6.28699997  30.4614614 ]
[-25.15234251  -6.09878683]
[-25.46624983  32.68901175]
[-0.40796066  0.36049773]
[-0.35107748  0.70967651]
[-0.62837305  0.64830952]
[-0.34606597  0.69131955]
[-0.33143957  0.57273031]
[-0.21190431  0.38087322]
[-1.34639449  0.57935867]
[ 0.22863264  1.42092777]
[-0.22292098 -0.07545998]
[ 0.41651393  1.28982993]
[ 2.11328355 -1.33497555]
[-0.07125559  1.6446696 ]
[-1.70998076 -1.74907506]
[-1.89987365  2.95565893]
[ 0.23967645  1.95974451]
[ 3.19716992  1.80281016]
[ 3.46423707  0.74525067]
[ 1.49964788 -1.45379831]
[ 1.74640578  3.0032654 ]
[-0.27755284 -6.88342906]
[ 2.47440949  2.26188675]
[-0.9017826   4.58678251]
[ 4.16468212  2.69050015]
[ 9.91075907  2.09821513]
[ 8.76521704 -7.26580208]
[ 26.94945421   8.17473019]
[ 20.09895276  13.44256177]
[-0.70464428  0.57395583]
[-1.08828151  0.97339386]
[-1.03440891 -0.22500941]
[-0.74258184  1.37945984]
[-0.74668592  0.0369923 ]
[-0.50994301  0.50651008]
[-1.05478681  1.00539758]
[-1.46475329  0.29607554]
[-0.68853373  0.9669259 ]
[-0.41405596  0.08293546]
[-1.01059533  0.83639539]
[-0.19986881 -0.01861903]
[-1.47720855  0.51323637]
[-0.95519512  0.30667578]
[-2.370193    2.53731395]
[-0.28206203 -2.02450789]
[-2.43649941  1.82237588]
[-0.44944847  3.36407379]
[ 1.92184667 -1.58654823]
[-1.89506787  2.02676727]
[-1.14448793 -1.72900113]
[-2.22333189  1.75752828]
[ 3.36793891 -2.68266071]
[-5.06751371 -6.2611766 ]
[ -1.36638448 -12.03020633]
[ -5.56919221  12.23540541]
[-2.25973597 -8.36360294]
[-15.40172857  -5.38457026]
[  4.45137087  14.4634551 ]
[  9.71683936  28.02376553]
[-17.29385219 -26.13805959]
[ 40.81536591 -20.9322231 ]
[ 18.39455124  25.90711041]
[-16.17434497  27.54949363]
[-0.89344685  1.01914868]
[-0.90062063  0.48949563]
[-0.76998204  0.52630485]
[-1.06733003  0.25049827]
[-0.9909462   0.41413077]
[-1.10883933  0.9937003 ]
[-0.86413994  0.25742381]
[-0.89629689 -0.28080809]
[-0.6055721   0.15872537]
[-0.39316932  0.84176186]
[-0.73685019  0.15200864]
[-0.525194    1.46110788]
[ 0.10403657 -0.0978949 ]
[-4.00058068 -0.7121293 ]
[ 0.06721354  5.21099151]
[ 3.45265616 -5.26034772]
[ 2.75322408  8.07991354]
[-16.7316015    0.67006323]
[-0.64772999  0.29958149]
[-0.69091273  0.4550591 ]
[-1.26549452  0.2951683 ]
[-1.42881731  0.34607723]
[-0.99655633  0.43039011]
[-1.99157351 -0.28446905]
[-0.86181532 -0.17166083]
[-1.61984933  0.29081757]
[-2.2066301  -0.36544953]
[-1.99703977  0.20967631]
[-2.12438038  1.28504398]
[-0.14349854  3.04000025]
[-0.02515536 -0.81530077]
[-2.92651834  1.53523531]
[-2.99692199 -5.10797251]
[-3.47004477  2.23506389]
[ 22.96898208 -12.45603775]
[-0.79343916  0.6825618 ]
[-0.70051304  0.63109925]
[-0.86278981  0.81873442]
[-0.40342035  0.3793764 ]
[-0.42931834  0.43914728]
[-1.22721394 -0.90003824]
[-0.79939626  0.48211222]
[-0.83525284  0.15858078]
[ 0.21904541  2.13909438]
[-0.97834489 -0.17257549]
[-2.31192656  1.19224735]
[ 0.50757473  1.14064078]
[ 0.04975549  1.04466034]
[-2.3328334   1.47388974]
[ 0.60150161 -0.15372646]
[-1.31126567  0.98292797]
[ 1.70192118  1.37794013]
[-4.2989935   0.34135093]
[-2.94904188  2.87711584]
[-0.94325538 -0.93582405]
[ 1.44190179  2.1982212 ]
[ 4.35353123 -3.06805182]
[ 1.0773067  -1.68435683]
[-1.301901    5.13141914]
[-3.67246054  3.50524807]
[-4.55158236  4.6665382 ]
[ 9.16264937 -0.52488619]
[-4.15715911  1.10708749]
[-2.6764417   5.78370069]
[-5.78533647  5.69027527]
[ 4.78432825  4.59909686]
[-11.39101489 -15.38057614]
[  3.24700314  16.51131318]
[  9.97341407  11.29675047]
[  7.12612525  12.05479982]
[-10.56609552 -38.53320214]
[ 53.43358545   1.94527626]
[-11.94023622  26.08800798]
[-14.42224133  17.51984885]
[-35.94111385 -40.85209661]
[-1.00865625  0.42855411]
[-0.9701798   0.93373432]
[-0.5146921   0.22578642]
[-0.75194704 -0.05276081]
[-1.06774149  0.59788547]
[-0.8749362   0.93280842]
[-0.72254759 -0.13445618]
[-0.71691373  0.13771879]
[-1.12460614  0.34825211]
[-0.25331471  0.38033518]
[ 0.46743737  0.40701388]
[-1.70693884  2.22763524]
[-1.22316065  1.49799297]
[-3.01618481  0.50599062]
[ 0.3316332  -0.24717638]
[-1.10405844  4.1884029 ]
[-1.28830371  2.82577504]
[-0.63142415  2.65623316]
[-2.97398097  1.82012985]
[-0.19659515 -3.10287155]
[ 1.04893012 -2.21812684]
[-0.94372992  1.26557232]
[-2.72911262 -3.83874221]
[-1.01140176  2.9717597 ]
[ 0.1590167   2.77123305]
[-1.97852506  3.05094522]
[ 0.13819124 -0.99605374]
[-3.27916517  2.71513573]
[-4.48088529 -6.86801838]
[ 6.46280579  0.42103844]
[ 2.41399272 -4.83079993]
[ 2.85695498 -0.36031495]
[ 2.63202711 -5.6170397 ]
[  2.0585617   14.46935453]
[-12.54618337  13.81205482]
